/*--------------------------------*- C++ -*----------------------------------*\
  =========                 |
  \\      /  F ield         | OpenFOAM: The Open Source CFD Toolbox
   \\    /   O peration     | Website:  https://openfoam.org
    \\  /    A nd           | Version:  13
     \\/     M anipulation  |
\*---------------------------------------------------------------------------*/
FoamFile
{
    format      ascii;
    class       volScalarField;
    location    "0";
    object      k;
}
// * * * * * * * * * * * * * * * * * * * * * * * * * * * * * * * * * * * * * //

dimensions      [0 2 -2 0 0 0 0];

internalField   uniform 0.000937;

boundaryField
{
    inlet
    {
        type            fixedValue;
        value           nonuniform List<scalar> 
1371
(
0.00702989
0.00670627
0.00670627
0.00689425
0.00665339
0.00698342
0.00744519
0.00744519
0.00680933
0.00762197
0.00784587
0.00784587
0.00767972
0.00725397
0.00741661
0.00680572
0.00680572
0.00567904
0.00525237
0.00528664
0.00528664
0.00557427
0.00489873
0.00570967
0.00515693
0.00515693
0.00558066
0.00535261
0.0044854
0.0044854
0.00560578
0.00566035
0.00552511
0.0053908
0.0053908
0.00572008
0.00554857
0.00568594
0.00568594
0.00587298
0.00575937
0.00584377
0.00544923
0.00544923
0.00524469
0.00546376
0.00462431
0.00462431
0.00468987
0.00458883
0.00498418
0.00472442
0.00438385
0.00439585
0.00446634
0.00447779
0.00447779
0.00441724
0.00461262
0.0043919
0.00445902
0.00420695
0.0041752
0.00433499
0.00426944
0.00426944
0.00445966
0.0046794
0.00471781
0.00486181
0.00459453
0.00499113
0.00500897
0.004599
0.004599
0.00505281
0.00480086
0.00559285
0.00647769
0.00554266
0.00599213
0.00585408
0.00638014
0.00638014
0.00634772
0.0066897
0.00682297
0.00780334
0.00644228
0.00560889
0.00672965
0.00662422
0.00662422
0.0067881
0.00702989
0.00670627
0.00755703
0.00689425
0.00665339
0.00698342
0.00809365
0.00744519
0.00680933
0.00762197
0.00784587
0.00903142
0.00767972
0.00725397
0.00741661
0.0075701
0.00680572
0.00567904
0.00525237
0.00528664
0.00597287
0.00557427
0.00489873
0.00570967
0.00627221
0.00515693
0.00558066
0.00535261
0.0044854
0.0044854
0.00560578
0.00566035
0.00552511
0.00625183
0.0053908
0.00572008
0.00554857
0.00568594
0.00568594
0.00587298
0.00575937
0.00584377
0.005911
0.00544923
0.00524469
0.00546376
0.00462431
0.00462431
0.00468987
0.00458883
0.00498418
0.00472442
0.00438385
0.00439585
0.00446634
0.00447779
0.00447779
0.00441724
0.00461262
0.0043919
0.00445902
0.00420695
0.0041752
0.00433499
0.00426944
0.00426944
0.00445966
0.0046794
0.00471781
0.00486181
0.00459453
0.00499113
0.00500897
0.004599
0.004599
0.00505281
0.00480086
0.00559285
0.00647769
0.00554266
0.00599213
0.00585408
0.00638014
0.00638014
0.00634772
0.0066897
0.00682297
0.00780334
0.00644228
0.00560889
0.00672965
0.00715237
0.00662422
0.0067881
0.00702989
0.00670627
0.00755703
0.00689425
0.00665339
0.00698342
0.00809365
0.00744519
0.00680933
0.00762197
0.00784587
0.00903142
0.00767972
0.00725397
0.00741661
0.0075701
0.00680572
0.00567904
0.00525237
0.00528664
0.00597287
0.00557427
0.00489873
0.00570967
0.00627221
0.00515693
0.00558066
0.00535261
0.0044854
0.00581687
0.00560578
0.00566035
0.00552511
0.00625183
0.0053908
0.00572008
0.00554857
0.00568594
0.0063963
0.00587298
0.00575937
0.00584377
0.005911
0.00544923
0.00524469
0.00546376
0.00462431
0.00482938
0.00468987
0.00458883
0.00498418
0.00472442
0.00438385
0.00439585
0.00446634
0.00484303
0.0045799
0.00441724
0.00461262
0.0043919
0.00445902
0.00420695
0.0041752
0.00433499
0.00442764
0.00501848
0.00445966
0.0046794
0.00471781
0.00486181
0.00459453
0.00499113
0.00500897
0.004599
0.00509059
0.00505281
0.00480086
0.00559285
0.00647769
0.00554266
0.00599213
0.00585408
0.00704025
0.00735995
0.00634772
0.0066897
0.00682297
0.00780334
0.00644228
0.00560889
0.00672965
0.00715237
0.00662422
0.0067881
0.00702989
0.00759302
0.00755703
0.00689425
0.00665339
0.00698342
0.00809365
0.00763174
0.00680933
0.00762197
0.00784016
0.00903142
0.00767972
0.00725397
0.00741661
0.0075701
0.00719236
0.00567904
0.00525237
0.00573546
0.00597287
0.00557427
0.00489873
0.00570967
0.00627221
0.00565695
0.00558066
0.00535261
0.00545976
0.00581687
0.00560578
0.00566035
0.00552511
0.00625183
0.0053908
0.00572008
0.00554857
0.00641354
0.0063963
0.00587298
0.00575937
0.00584377
0.005911
0.00544923
0.00524469
0.00546376
0.00538629
0.00482938
0.00468987
0.00458883
0.00498418
0.00472442
0.00465258
0.00439585
0.00446634
0.00484303
0.0045799
0.00441724
0.00461262
0.0043919
0.00445902
0.00420695
0.0041752
0.00433499
0.00442764
0.00501848
0.00445966
0.0046794
0.00471781
0.00486181
0.00459453
0.00499113
0.00500897
0.00528261
0.00509059
0.00505281
0.00480086
0.00559285
0.00647769
0.00554266
0.00599213
0.00585408
0.00704025
0.00735995
0.00634772
0.0066897
0.00682297
0.00780334
0.00644228
0.00560889
0.00672965
0.00715237
0.00688644
0.0067881
0.00702989
0.00759302
0.00755703
0.00689425
0.00665339
0.00698342
0.00809365
0.00763174
0.00680933
0.00762197
0.00784016
0.00903142
0.00767972
0.00725397
0.00741661
0.0075701
0.00719236
0.00567904
0.00525237
0.00573546
0.00597287
0.00557427
0.00489873
0.00603777
0.00627221
0.00565695
0.00558066
0.00535261
0.00545976
0.00581687
0.00560578
0.00566035
0.00610708
0.00625183
0.00581585
0.00572008
0.00554857
0.00641354
0.0063963
0.00587298
0.00575937
0.00584377
0.005911
0.00571753
0.00524469
0.00546376
0.00538629
0.00482938
0.00468987
0.00458883
0.00498418
0.00472442
0.00465258
0.00439585
0.00446634
0.00484303
0.0045799
0.00441724
0.00461262
0.00486087
0.00445902
0.00480186
0.0041752
0.00433499
0.00442764
0.00501848
0.00445966
0.0046794
0.00541377
0.00486181
0.00554869
0.00499113
0.00500897
0.00528261
0.00509059
0.00505281
0.00480086
0.00582464
0.00647769
0.00623075
0.00599213
0.00585408
0.00704025
0.00735995
0.00634772
0.0066897
0.00698026
0.00780334
0.00655785
0.00560889
0.00672965
0.00715237
0.00688644
0.0067881
0.00702989
0.00759302
0.00755703
0.00706348
0.00665339
0.00850528
0.00809365
0.00763174
0.00680933
0.00762197
0.00784016
0.00903142
0.00826494
0.00725397
0.00740906
0.0075701
0.00719236
0.00567904
0.00525237
0.00573546
0.00597287
0.00538105
0.00489873
0.00603777
0.00627221
0.00565695
0.00558066
0.00535261
0.00545976
0.00581687
0.00584406
0.00566035
0.00610708
0.00625183
0.00581585
0.00572008
0.00554857
0.00641354
0.0063963
0.0063789
0.00575937
0.00598867
0.005911
0.00571753
0.00524469
0.00546376
0.00538629
0.00482938
0.00528413
0.00458883
0.00503278
0.00472442
0.00465258
0.00439585
0.00446634
0.00484303
0.0045799
0.00505198
0.00461262
0.00486087
0.00445902
0.00480186
0.0041752
0.00433499
0.00442764
0.00501848
0.00520105
0.0046794
0.00541377
0.00486181
0.00554869
0.00499113
0.00500897
0.00528261
0.00509059
0.00532791
0.00480086
0.00582464
0.00647769
0.00623075
0.00599213
0.00585408
0.00704025
0.00735995
0.00634772
0.0066897
0.00698026
0.00780334
0.00655785
0.00560889
0.00672435
0.00715237
0.00688644
0.0067881
0.0220243
0.0236967
0.0236967
0.0220243
0.0220243
0.0220243
0.02583
0.02583
0.02583
0.0152911
0.0108553
0.0108553
0.0108553
0.0236967
0.0236967
0.0236967
0.0236967
0.0236967
0.0236967
0.0236967
0.0238231
0.0238231
0.0238231
0.0236967
0.0220243
0.0220243
0.0236967
0.0236967
0.0236967
0.0236967
0.0238231
0.0220243
0.0220243
0.0236967
0.0236967
0.0236967
0.0189666
0.0189666
0.0236967
0.0192564
0.0192564
0.0238231
0.0238231
0.0238231
0.0238231
0.0238231
0.0220243
0.0213746
0.0213746
0.0213746
0.0213746
0.0155737
0.0155737
0.0189666
0.0189666
0.0189666
0.0189666
0.0141446
0.0153851
0.0153851
0.0192564
0.0192564
0.0192564
0.0192564
0.02583
0.0292234
0.0259544
0.0226425
0.0213746
0.0213746
0.0213746
0.0144233
0.0155737
0.0155737
0.0144233
0.0155737
0.0155737
0.0155737
0.0140405
0.012057
0.0189666
0.0189666
0.0189666
0.0141446
0.0141446
0.0157363
0.0153851
0.0153851
0.0153851
0.0192564
0.0192564
0.0192564
0.0181558
0.0179419
0.0236476
0.0236476
0.02583
0.02583
0.02583
0.0292234
0.0259544
0.0226425
0.0226425
0.0226425
0.0213746
0.0213746
0.0152911
0.0152911
0.0144233
0.0155737
0.0140405
0.0140405
0.0140405
0.012057
0.012057
0.0189666
0.0189666
0.0141446
0.0141446
0.0157363
0.0157363
0.0153851
0.0153851
0.0153851
0.0153851
0.0192564
0.0192564
0.0181558
0.0181558
0.0181558
0.0179419
0.0179419
0.0236476
0.0236476
0.0236476
0.02583
0.0292234
0.0292234
0.0259544
0.0259544
0.0226425
0.0226425
0.0226425
0.0226425
0.0213746
0.0152911
0.0152911
0.0152911
0.0144233
0.0144233
0.0226425
0.0150644
0.0150644
0.0226425
0.0152911
0.0152911
0.0152911
0.0152911
0.0152911
0.0144233
0.0125205
0.0144233
0.0144233
0.0155737
0.0140405
0.0140405
0.0140405
0.012057
0.012057
0.012057
0.0189666
0.0141446
0.0141446
0.0141446
0.0157363
0.0157363
0.0157363
0.0157363
0.0153851
0.0153851
0.0153851
0.0153851
0.0192564
0.0181558
0.0181558
0.0181558
0.0181558
0.0179419
0.0179419
0.0179419
0.0179419
0.0236476
0.0215857
0.0236476
0.02583
0.0292234
0.0292234
0.0259544
0.0259544
0.0259544
0.0150644
0.0150644
0.0150644
0.0131662
0.0132222
0.0132222
0.0132222
0.0124441
0.0125205
0.0125205
0.0125205
0.0125205
0.0125205
0.0113203
0.0119742
0.0119742
0.0119742
0.0112169
0.0103418
0.0103418
0.0103418
0.0103418
0.0111681
0.0111681
0.0111681
0.0100787
0.0116763
0.0116763
0.0116763
0.0116763
0.0126728
0.0126728
0.0126728
0.0126728
0.0127648
0.0144948
0.0144948
0.0144948
0.0144948
0.0160025
0.0160025
0.0160025
0.0160025
0.0165613
0.0204121
0.0215857
0.0215857
0.0215857
0.0243768
0.0243737
0.0243737
0.0215432
0.0192962
0.0192962
0.0192962
0.0139051
0.0127648
0.0127648
0.0144948
0.0144948
0.0128755
0.0135407
0.0135407
0.0160025
0.0160025
0.0165613
0.0165613
0.0204121
0.0204121
0.0215857
0.0215857
0.0243768
0.0243737
0.0243737
0.0215432
0.017746
0.017746
0.0192962
0.0138319
0.0139051
0.0139051
0.0150644
0.0133267
0.0131662
0.0131662
0.0132222
0.0124441
0.0124441
0.0124441
0.0124227
0.0125205
0.0125205
0.0125205
0.0118402
0.0113203
0.0113203
0.0119742
0.0119742
0.0112169
0.0112169
0.0107507
0.0103418
0.0103418
0.00954324
0.00954324
0.0111681
0.0111681
0.0100787
0.0100787
0.0107794
0.0116763
0.0116763
0.0116763
0.0112597
0.0112597
0.0126728
0.0126728
0.0119906
0.0127648
0.0127648
0.0127648
0.0144948
0.0128755
0.0128755
0.0135407
0.0135407
0.0135407
0.0160025
0.0165613
0.0165613
0.0165613
0.0204121
0.0204121
0.0204121
0.0243768
0.0243768
0.0243768
0.0243737
0.0215432
0.017746
0.017746
0.0192962
0.0138319
0.0139051
0.0139051
0.0139051
0.0150644
0.0133267
0.0133267
0.0131662
0.0131662
0.0110334
0.0108553
0.0124441
0.0124227
0.0124227
0.0124227
0.0125205
0.0118402
0.0118402
0.0113203
0.0113203
0.0113203
0.0119742
0.0112169
0.0112169
0.0112169
0.0107507
0.0107507
0.0103418
0.00954324
0.00954324
0.00954324
0.00954324
0.0111681
0.0100787
0.0100787
0.0107794
0.0107794
0.0107794
0.0116763
0.0112597
0.0112597
0.0112597
0.0126728
0.0119906
0.0119906
0.0119906
0.0105175
0.0105175
0.0102863
0.0102863
0.0102863
0.0099823
0.0101541
0.0101541
0.0112169
0.0107507
0.0101712
0.0101712
0.0101643
0.0101643
0.0101643
0.0101643
0.0100922
0.0100922
0.0100922
0.0102193
0.0102193
0.0102193
0.0112245
0.0111116
0.0111116
0.0111116
0.0113091
0.01135
0.01135
0.01135
0.011586
0.0122675
0.0122675
0.0122675
0.0127399
0.0131945
0.0131945
0.0131945
0.0135407
0.0135194
0.0135194
0.0135194
0.0158137
0.0158137
0.0158137
0.0158137
0.0161298
0.0161298
0.0161298
0.0153717
0.0153717
0.0153717
0.013775
0.013775
0.0122282
0.0129391
0.0129391
0.0117961
0.0117961
0.0138319
0.0115045
0.0115045
0.0113845
0.0115356
0.0115356
0.0115356
0.0114962
0.0114962
0.0110334
0.0108553
0.0108553
0.010496
0.010496
0.010496
0.0105175
0.011586
0.011586
0.0120256
0.0122675
0.0122675
0.0116824
0.0127399
0.0131945
0.0131945
0.0128927
0.0135194
0.0135194
0.0143294
0.0149348
0.0158137
0.0158137
0.0158214
0.0164913
0.0161298
0.0155521
0.016274
0.0153717
0.0140782
0.0135484
0.013775
0.0122282
0.0122282
0.0129391
0.0114228
0.0117961
0.0117961
0.0108104
0.0109291
0.0115045
0.0113845
0.0115641
0.0115356
0.0109106
0.0108066
0.0114962
0.0110334
0.0110334
0.0108553
0.0101421
0.00991379
0.010496
0.010496
0.0102878
0.0100799
0.0105175
0.0105175
0.0098795
0.0102863
0.010044
0.0099823
0.0099823
0.0101541
0.0101541
0.00942277
0.0101712
0.0101712
0.00961011
0.0102532
0.0101643
0.0101643
0.00988469
0.00995434
0.00995434
0.0100922
0.00970325
0.0102101
0.0102193
0.0102193
0.0112245
0.0112245
0.0111116
0.0113091
0.0110853
0.0110853
0.01135
0.011586
0.0120256
0.0120256
0.0116824
0.0116824
0.0127399
0.0127399
0.0128927
0.0128927
0.0126134
0.0135194
0.0143294
0.0149348
0.0149348
0.0158214
0.0158214
0.0164913
0.0164913
0.0155521
0.016274
0.016274
0.0140782
0.0135484
0.0135484
0.0122282
0.0122282
0.0114228
0.0114228
0.0114228
0.0108104
0.0108104
0.0109291
0.0113845
0.0113845
0.0115641
0.0109106
0.0109106
0.0108066
0.0108066
0.00779914
0.00779914
0.0101421
0.0101421
0.00991379
0.00991379
0.010496
0.0102878
0.0100799
0.0100799
0.0100173
0.0098795
0.0098795
0.010044
0.010044
0.0099823
0.00658609
0.00942277
0.00942277
0.00942277
0.00983542
0.0101712
0.00961011
0.00961011
0.0102532
0.0101643
0.00988469
0.00988469
0.00995434
0.00871246
0.00970325
0.00970325
0.0102101
0.0102101
0.0103165
0.0103165
0.0112245
0.0104709
0.0113091
0.0110853
0.0110853
0.01135
0.011586
0.010522
0.0109728
0.0123752
0.0123752
0.0107527
0.0107527
0.0112066
0.0122313
0.00958769
0.0116487
0.0116691
0.0125246
0.0116435
0.0118857
0.0118045
0.0118045
0.0105666
0.0105666
0.00897819
0.0084442
0.00928337
0.00912932
0.00931086
0.0081801
0.00900347
0.00823305
0.00824488
0.00800663
0.00857102
0.0078444
0.00854766
0.00767023
0.00819527
0.00794374
0.00846399
0.00787038
0.00859179
0.00850932
0.00815228
0.00788277
0.00790394
0.00779914
0.00749117
0.00723576
0.00723576
0.00692754
0.00692754
0.00683059
0.00675977
0.00658224
0.00721428
0.00649208
0.00659163
0.0063236
0.00660595
0.0070013
0.0063896
0.00658609
0.00658609
0.00661871
0.00662874
0.00637301
0.00703087
0.00716472
0.00816447
0.00816447
0.00750555
0.00771354
0.00779184
0.00898465
0.00898465
0.00753197
0.00871246
0.00867336
0.00879522
0.00915232
0.00915232
0.00981122
0.00915189
0.0103604
0.0101442
0.0102131
0.0104709
0.00980202
0.0108743
0.00870476
0.0109267
0.0109267
0.0109728
0.0114218
0.0102106
0.0105668
0.010706
0.010706
0.00809365
0.00958769
0.0109712
0.0109712
0.0116691
0.011134
0.0116435
0.0118857
0.0117502
0.0105231
0.0101746
0.00907378
0.00907378
0.0084442
0.00900044
0.00912932
0.00912932
0.00789273
0.0081801
0.00841576
0.00823305
0.00823305
0.00800663
0.00776465
0.0078444
0.00854766
0.00767023
0.00771591
0.00794374
0.00782811
0.00782811
0.00787038
0.0063963
0.00815228
0.00815228
0.00766755
0.00790394
0.00749117
0.00733515
0.00733515
0.00705038
0.00645736
0.00699106
0.00683059
0.00683059
0.00658224
0.00642661
0.00649208
0.00649208
0.00644524
0.0063236
0.00670059
0.00670059
0.0063896
0.00650273
0.00652255
0.00661871
0.00661871
0.00637301
0.00678367
0.00716472
0.0074248
0.0074248
0.00709619
0.00750555
0.00771354
0.00779184
0.00787576
0.00756375
0.00753197
0.00871246
0.00867336
0.00860265
0.00870363
0.00928506
0.00928506
0.00915189
0.00874433
0.00736711
0.0101442
0.0102131
0.00986564
0.00980202
0.0108743
0.00870476
0.0100732
0.0098912
0.010522
)
;
    }
    outlet
    {
        type            zeroGradient;
    }
    walls
    {
        type            kqRWallFunction;
        value           uniform 0.000937;
    }
}


// ************************************************************************* //
