/*--------------------------------*- C++ -*----------------------------------*\
  =========                 |
  \\      /  F ield         | OpenFOAM: The Open Source CFD Toolbox
   \\    /   O peration     | Website:  https://openfoam.org
    \\  /    A nd           | Version:  13
     \\/     M anipulation  |
\*---------------------------------------------------------------------------*/
FoamFile
{
    format      ascii;
    class       volScalarField;
    location    "0";
    object      nut;
}
// * * * * * * * * * * * * * * * * * * * * * * * * * * * * * * * * * * * * * //

dimensions      [0 2 -1 0 0 0 0];

internalField   uniform 0;

boundaryField
{
    inlet
    {
        type            calculated;
        value           nonuniform List<scalar> 
1371
(
1.42645e-05
1.62072e-05
1.62072e-05
1.86532e-05
1.86572e-05
1.37672e-05
2.49333e-05
2.49333e-05
2.01031e-05
2.10064e-05
2.37495e-05
2.37495e-05
1.57058e-05
2.01174e-05
1.93988e-05
1.54728e-05
1.54728e-05
1.22274e-05
1.42449e-05
1.17902e-05
1.17902e-05
1.04584e-05
5.70016e-05
1.26402e-05
1.47549e-05
1.47549e-05
1.62382e-05
1.37036e-05
5.42888e-05
5.42888e-05
1.3446e-05
1.89888e-05
1.33463e-05
1.50304e-05
1.50304e-05
1.76543e-05
1.2426e-05
1.46543e-05
1.46543e-05
1.55945e-05
1.62437e-05
1.66944e-05
1.50108e-05
1.50108e-05
1.31907e-05
1.28209e-05
1.30596e-05
1.30596e-05
1.56094e-05
1.21419e-05
1.42984e-05
2.11417e-05
1.14148e-05
1.18155e-05
1.14676e-05
1.30617e-05
1.30617e-05
1.41424e-05
1.20838e-05
1.27954e-05
2.29441e-05
1.29286e-05
1.21591e-05
1.19687e-05
1.08024e-05
1.08024e-05
1.10025e-05
1.25739e-05
1.51202e-05
2.43844e-05
1.31002e-05
1.12759e-05
1.19223e-05
3.93793e-05
3.93793e-05
1.01751e-05
2.63433e-05
1.16036e-05
3.40878e-05
1.35006e-05
1.64606e-05
1.57142e-05
1.43669e-05
1.43669e-05
1.19319e-05
1.7773e-05
1.73181e-05
3.78046e-05
1.32395e-05
2.72733e-05
1.3504e-05
1.54193e-05
1.54193e-05
1.60003e-05
1.42645e-05
1.62072e-05
5.05933e-05
1.86532e-05
1.86572e-05
1.37672e-05
4.2102e-05
2.49333e-05
2.01031e-05
2.10064e-05
2.37495e-05
4.2075e-05
1.57058e-05
2.01174e-05
1.93988e-05
4.2351e-05
1.54728e-05
1.22274e-05
1.42449e-05
1.17902e-05
4.02271e-05
1.04584e-05
5.70016e-05
1.26402e-05
4.29732e-05
1.47549e-05
1.62382e-05
1.37036e-05
5.42888e-05
5.42888e-05
1.3446e-05
1.89888e-05
1.33463e-05
2.75355e-05
1.50304e-05
1.76543e-05
1.2426e-05
1.46543e-05
1.46543e-05
1.55945e-05
1.62437e-05
1.66944e-05
2.54882e-05
1.50108e-05
1.31907e-05
1.28209e-05
1.30596e-05
1.30596e-05
1.56094e-05
1.21419e-05
1.42984e-05
2.11417e-05
1.14148e-05
1.18155e-05
1.14676e-05
1.30617e-05
1.30617e-05
1.41424e-05
1.20838e-05
1.27954e-05
2.29441e-05
1.29286e-05
1.21591e-05
1.19687e-05
1.08024e-05
1.08024e-05
1.10025e-05
1.25739e-05
1.51202e-05
2.43844e-05
1.31002e-05
1.12759e-05
1.19223e-05
3.93793e-05
3.93793e-05
1.01751e-05
2.63433e-05
1.16036e-05
3.40878e-05
1.35006e-05
1.64606e-05
1.57142e-05
1.43669e-05
1.43669e-05
1.19319e-05
1.7773e-05
1.73181e-05
3.78046e-05
1.32395e-05
2.72733e-05
1.3504e-05
3.97592e-05
1.54193e-05
1.60003e-05
1.42645e-05
1.62072e-05
5.05933e-05
1.86532e-05
1.86572e-05
1.37672e-05
4.2102e-05
2.49333e-05
2.01031e-05
2.10064e-05
2.37495e-05
4.2075e-05
1.57058e-05
2.01174e-05
1.93988e-05
4.2351e-05
1.54728e-05
1.22274e-05
1.42449e-05
1.17902e-05
4.02271e-05
1.04584e-05
5.70016e-05
1.26402e-05
4.29732e-05
1.47549e-05
1.62382e-05
1.37036e-05
5.42888e-05
5.09891e-05
1.3446e-05
1.89888e-05
1.33463e-05
2.75355e-05
1.50304e-05
1.76543e-05
1.2426e-05
1.46543e-05
4.15731e-05
1.55945e-05
1.62437e-05
1.66944e-05
2.54882e-05
1.50108e-05
1.31907e-05
1.28209e-05
1.30596e-05
2.35584e-05
1.56094e-05
1.21419e-05
1.42984e-05
2.11417e-05
1.14148e-05
1.18155e-05
1.14676e-05
3.3978e-05
2.10817e-05
1.41424e-05
1.20838e-05
1.27954e-05
2.29441e-05
1.29286e-05
1.21591e-05
1.19687e-05
2.26918e-05
3.04392e-05
1.10025e-05
1.25739e-05
1.51202e-05
2.43844e-05
1.31002e-05
1.12759e-05
1.19223e-05
3.93793e-05
3.20507e-05
1.01751e-05
2.63433e-05
1.16036e-05
3.40878e-05
1.35006e-05
1.64606e-05
1.57142e-05
4.55839e-05
3.76512e-05
1.19319e-05
1.7773e-05
1.73181e-05
3.78046e-05
1.32395e-05
2.72733e-05
1.3504e-05
3.97592e-05
1.54193e-05
1.60003e-05
1.42645e-05
5.31792e-05
5.05933e-05
1.86532e-05
1.86572e-05
1.37672e-05
4.2102e-05
1.86195e-05
2.01031e-05
2.10064e-05
3.36104e-05
4.2075e-05
1.57058e-05
2.01174e-05
1.93988e-05
4.2351e-05
3.52063e-05
1.22274e-05
1.42449e-05
3.25835e-05
4.02271e-05
1.04584e-05
5.70016e-05
1.26402e-05
4.29732e-05
1.94993e-05
1.62382e-05
1.37036e-05
2.69559e-05
5.09891e-05
1.3446e-05
1.89888e-05
1.33463e-05
2.75355e-05
1.50304e-05
1.76543e-05
1.2426e-05
3.07664e-05
4.15731e-05
1.55945e-05
1.62437e-05
1.66944e-05
2.54882e-05
1.50108e-05
1.31907e-05
1.28209e-05
3.5699e-05
2.35584e-05
1.56094e-05
1.21419e-05
1.42984e-05
2.11417e-05
3.71923e-05
1.18155e-05
1.14676e-05
3.3978e-05
2.10817e-05
1.41424e-05
1.20838e-05
1.27954e-05
2.29441e-05
1.29286e-05
1.21591e-05
1.19687e-05
2.26918e-05
3.04392e-05
1.10025e-05
1.25739e-05
1.51202e-05
2.43844e-05
1.31002e-05
1.12759e-05
1.19223e-05
2.53104e-05
3.20507e-05
1.01751e-05
2.63433e-05
1.16036e-05
3.40878e-05
1.35006e-05
1.64606e-05
1.57142e-05
4.55839e-05
3.76512e-05
1.19319e-05
1.7773e-05
1.73181e-05
3.78046e-05
1.32395e-05
2.72733e-05
1.3504e-05
3.97592e-05
3.11058e-05
1.60003e-05
1.42645e-05
5.31792e-05
5.05933e-05
1.86532e-05
1.86572e-05
1.37672e-05
4.2102e-05
1.86195e-05
2.01031e-05
2.10064e-05
3.36104e-05
4.2075e-05
1.57058e-05
2.01174e-05
1.93988e-05
4.2351e-05
3.52063e-05
1.22274e-05
1.42449e-05
3.25835e-05
4.02271e-05
1.04584e-05
5.70016e-05
2.9007e-05
4.29732e-05
1.94993e-05
1.62382e-05
1.37036e-05
2.69559e-05
5.09891e-05
1.3446e-05
1.89888e-05
2.51929e-05
2.75355e-05
3.46794e-05
1.76543e-05
1.2426e-05
3.07664e-05
4.15731e-05
1.55945e-05
1.62437e-05
1.66944e-05
2.54882e-05
3.34147e-05
1.31907e-05
1.28209e-05
3.5699e-05
2.35584e-05
1.56094e-05
1.21419e-05
1.42984e-05
2.11417e-05
3.71923e-05
1.18155e-05
1.14676e-05
3.3978e-05
2.10817e-05
1.41424e-05
1.20838e-05
2.88376e-05
2.29441e-05
3.99442e-05
1.21591e-05
1.19687e-05
2.26918e-05
3.04392e-05
1.10025e-05
1.25739e-05
2.4127e-05
2.43844e-05
3.24227e-05
1.12759e-05
1.19223e-05
2.53104e-05
3.20507e-05
1.01751e-05
2.63433e-05
4.88528e-05
3.40878e-05
4.21112e-05
1.64606e-05
1.57142e-05
4.55839e-05
3.76512e-05
1.19319e-05
1.7773e-05
2.70621e-05
3.78046e-05
5.25321e-05
2.72733e-05
1.3504e-05
3.97592e-05
3.11058e-05
1.60003e-05
1.42645e-05
5.31792e-05
5.05933e-05
3.06134e-05
1.86572e-05
5.01288e-05
4.2102e-05
1.86195e-05
2.01031e-05
2.10064e-05
3.36104e-05
4.2075e-05
6.11039e-05
2.01174e-05
3.0125e-05
4.2351e-05
3.52063e-05
1.22274e-05
1.42449e-05
3.25835e-05
4.02271e-05
4.38735e-05
5.70016e-05
2.9007e-05
4.29732e-05
1.94993e-05
1.62382e-05
1.37036e-05
2.69559e-05
5.09891e-05
2.64195e-05
1.89888e-05
2.51929e-05
2.75355e-05
3.46794e-05
1.76543e-05
1.2426e-05
3.07664e-05
4.15731e-05
3.77546e-05
1.62437e-05
2.73591e-05
2.54882e-05
3.34147e-05
1.31907e-05
1.28209e-05
3.5699e-05
2.35584e-05
4.65992e-05
1.21419e-05
2.7346e-05
2.11417e-05
3.71923e-05
1.18155e-05
1.14676e-05
3.3978e-05
2.10817e-05
4.47384e-05
1.20838e-05
2.88376e-05
2.29441e-05
3.99442e-05
1.21591e-05
1.19687e-05
2.26918e-05
3.04392e-05
2.94909e-05
1.25739e-05
2.4127e-05
2.43844e-05
3.24227e-05
1.12759e-05
1.19223e-05
2.53104e-05
3.20507e-05
2.7206e-05
2.63433e-05
4.88528e-05
3.40878e-05
4.21112e-05
1.64606e-05
1.57142e-05
4.55839e-05
3.76512e-05
1.19319e-05
1.7773e-05
2.70621e-05
3.78046e-05
5.25321e-05
2.72733e-05
3.15865e-05
3.97592e-05
3.11058e-05
1.60003e-05
0.00057438
0.000628764
0.000628764
0.00057438
0.00057438
0.00057438
0.00052507
0.00052507
0.00052507
0.000379131
0.000155748
0.000155748
0.000155748
0.000628764
0.000628764
0.000628764
0.000628764
0.000628764
0.000628764
0.000628764
0.000613259
0.000613259
0.000613259
0.000628764
0.00057438
0.00057438
0.000628764
0.000628764
0.000628764
0.000628764
0.000613259
0.00057438
0.00057438
0.000628764
0.000628764
0.000628764
0.000421923
0.000421923
0.000628764
0.000515726
0.000515726
0.000613259
0.000613259
0.000613259
0.000613259
0.000613259
0.00057438
0.000483264
0.000483264
0.000483264
0.000483264
0.000408134
0.000408134
0.000421923
0.000421923
0.000421923
0.000421923
0.000284766
0.000406099
0.000406099
0.000515726
0.000515726
0.000515726
0.000515726
0.00052507
0.00051997
0.000376341
0.000397058
0.000483264
0.000483264
0.000483264
0.000344988
0.000408134
0.000408134
0.000344988
0.000408134
0.000408134
0.000408134
0.000281452
0.000318247
0.000421923
0.000421923
0.000421923
0.000284766
0.000284766
0.000305404
0.000406099
0.000406099
0.000406099
0.000515726
0.000515726
0.000515726
0.000324553
0.00041068
0.000445715
0.000445715
0.00052507
0.00052507
0.00052507
0.00051997
0.000376341
0.000397058
0.000397058
0.000397058
0.000483264
0.000483264
0.000379131
0.000379131
0.000344988
0.000408134
0.000281452
0.000281452
0.000281452
0.000318247
0.000318247
0.000421923
0.000421923
0.000284766
0.000284766
0.000305404
0.000305404
0.000406099
0.000406099
0.000406099
0.000406099
0.000515726
0.000515726
0.000324553
0.000324553
0.000324553
0.00041068
0.00041068
0.000445715
0.000445715
0.000445715
0.00052507
0.00051997
0.00051997
0.000376341
0.000376341
0.000397058
0.000397058
0.000397058
0.000397058
0.000483264
0.000379131
0.000379131
0.000379131
0.000344988
0.000344988
0.000397058
0.000229339
0.000229339
0.000397058
0.000379131
0.000379131
0.000379131
0.000379131
0.000379131
0.000344988
0.000206214
0.000344988
0.000344988
0.000408134
0.000281452
0.000281452
0.000281452
0.000318247
0.000318247
0.000318247
0.000421923
0.000284766
0.000284766
0.000284766
0.000305404
0.000305404
0.000305404
0.000305404
0.000406099
0.000406099
0.000406099
0.000406099
0.000515726
0.000324553
0.000324553
0.000324553
0.000324553
0.00041068
0.00041068
0.00041068
0.00041068
0.000445715
0.000308833
0.000445715
0.00052507
0.00051997
0.00051997
0.000376341
0.000376341
0.000376341
0.000229339
0.000229339
0.000229339
0.000182157
0.000247001
0.000247001
0.000247001
0.000192361
0.000206214
0.000206214
0.000206214
0.000206214
0.000206214
0.000192949
0.000192756
0.000192756
0.000192756
0.000194315
0.000211657
0.000211657
0.000211657
0.000211657
0.000220966
0.000220966
0.000220966
0.00021146
0.000188945
0.000188945
0.000188945
0.000188945
0.000254849
0.000254849
0.000254849
0.000254849
0.000175239
0.000186852
0.000186852
0.000186852
0.000186852
0.000213974
0.000213974
0.000213974
0.000213974
0.000273213
0.000289624
0.000308833
0.000308833
0.000308833
0.000285124
0.00031487
0.00031487
0.000267765
0.000235819
0.000235819
0.000235819
0.000197487
0.000175239
0.000175239
0.000186852
0.000186852
0.000261905
0.000251191
0.000251191
0.000213974
0.000213974
0.000273213
0.000273213
0.000289624
0.000289624
0.000308833
0.000308833
0.000285124
0.00031487
0.00031487
0.000267765
0.000279642
0.000279642
0.000235819
0.000252803
0.000197487
0.000197487
0.000229339
0.000204433
0.000182157
0.000182157
0.000247001
0.000192361
0.000192361
0.000192361
0.000177782
0.000206214
0.000206214
0.000206214
0.000175642
0.000192949
0.000192949
0.000192756
0.000192756
0.000194315
0.000194315
0.000211925
0.000211657
0.000211657
0.000200383
0.000200383
0.000220966
0.000220966
0.00021146
0.00021146
0.000150932
0.000188945
0.000188945
0.000188945
0.000146018
0.000146018
0.000254849
0.000254849
0.000264661
0.000175239
0.000175239
0.000175239
0.000186852
0.000261905
0.000261905
0.000251191
0.000251191
0.000251191
0.000213974
0.000273213
0.000273213
0.000273213
0.000289624
0.000289624
0.000289624
0.000285124
0.000285124
0.000285124
0.00031487
0.000267765
0.000279642
0.000279642
0.000235819
0.000252803
0.000197487
0.000197487
0.000197487
0.000229339
0.000204433
0.000204433
0.000182157
0.000182157
0.000136362
0.000155748
0.000192361
0.000177782
0.000177782
0.000177782
0.000206214
0.000175642
0.000175642
0.000192949
0.000192949
0.000192949
0.000192756
0.000194315
0.000194315
0.000194315
0.000211925
0.000211925
0.000211657
0.000200383
0.000200383
0.000200383
0.000200383
0.000220966
0.00021146
0.00021146
0.000150932
0.000150932
0.000150932
0.000188945
0.000146018
0.000146018
0.000146018
0.000254849
0.000264661
0.000264661
0.000264661
0.000132571
0.000132571
0.000141245
0.000141245
0.000141245
0.000136582
0.00014521
0.00014521
0.000194315
0.000211925
0.000109328
0.000109328
0.000136741
0.000136741
0.000136741
0.000136741
0.000105742
0.000105742
0.000105742
0.000121402
0.000121402
0.000121402
0.00012635
0.000133812
0.000133812
0.000133812
0.000117042
0.000104273
0.000104273
0.000104273
8.43542e-05
0.000113395
0.000113395
0.000113395
0.000129696
0.00019325
0.00019325
0.00019325
0.000251191
0.000199663
0.000199663
0.000199663
0.000187804
0.000187804
0.000187804
0.000187804
0.000164037
0.000164037
0.000164037
0.000167012
0.000167012
0.000167012
0.000171385
0.000171385
0.000132701
0.000148901
0.000148901
0.000141832
0.000141832
0.000252803
0.000154669
0.000154669
0.000128621
0.000156401
0.000156401
0.000156401
0.000167325
0.000167325
0.000136362
0.000155748
0.000155748
0.000141266
0.000141266
0.000141266
0.000132571
8.43542e-05
8.43542e-05
0.000117546
0.000113395
0.000113395
0.000171704
0.000129696
0.00019325
0.00019325
0.000105478
0.000199663
0.000199663
0.000140463
0.000137124
0.000187804
0.000187804
0.000148686
0.000142549
0.000164037
0.000146657
0.000153477
0.000167012
0.000142926
0.000109206
0.000171385
0.000132701
0.000132701
0.000148901
0.000142495
0.000141832
0.000141832
0.000115411
0.000124267
0.000154669
0.000128621
0.000141766
0.000156401
0.000111172
0.000124536
0.000167325
0.000136362
0.000136362
0.000155748
0.000108837
0.000122717
0.000141266
0.000141266
0.000118347
0.000125101
0.000132571
0.000132571
0.00012411
0.000141245
0.000128049
0.000136582
0.000136582
0.00014521
0.00014521
0.000121786
0.000109328
0.000109328
9.33629e-05
0.000128902
0.000136741
0.000136741
0.000103562
9.20937e-05
9.20937e-05
0.000105742
0.00014039
9.92567e-05
0.000121402
0.000121402
0.00012635
0.00012635
0.000133812
0.000117042
0.000146082
0.000146082
0.000104273
8.43542e-05
0.000117546
0.000117546
0.000171704
0.000171704
0.000129696
0.000129696
0.000105478
0.000105478
0.000178408
0.000199663
0.000140463
0.000137124
0.000137124
0.000148686
0.000148686
0.000142549
0.000142549
0.000146657
0.000153477
0.000153477
0.000142926
0.000109206
0.000109206
0.000132701
0.000132701
0.000142495
0.000142495
0.000142495
0.000115411
0.000115411
0.000124267
0.000128621
0.000128621
0.000141766
0.000111172
0.000111172
0.000124536
0.000124536
7.95066e-05
7.95066e-05
0.000108837
0.000108837
0.000122717
0.000122717
0.000141266
0.000118347
0.000125101
0.000125101
0.000117751
0.00012411
0.00012411
0.000128049
0.000128049
0.000136582
6.36345e-05
0.000121786
0.000121786
0.000121786
0.000120395
0.000109328
9.33629e-05
9.33629e-05
0.000128902
0.000136741
0.000103562
0.000103562
9.20937e-05
7.00135e-05
0.00014039
0.00014039
9.92567e-05
9.92567e-05
0.000131292
0.000131292
0.00012635
9.84319e-05
0.000117042
0.000146082
0.000146082
0.000104273
8.43542e-05
5.24664e-05
8.90342e-05
0.000104626
0.000104626
9.24206e-05
9.24206e-05
7.93677e-05
8.67504e-05
6.59199e-05
0.000100273
7.90902e-05
0.00013668
6.54606e-05
9.94458e-05
0.00010766
0.00010766
8.27233e-05
8.27233e-05
6.7733e-05
6.18071e-05
7.94811e-05
5.64067e-05
9.22254e-05
7.37329e-05
8.89475e-05
5.86782e-05
8.07524e-05
6.00229e-05
8.18952e-05
7.15615e-05
7.98936e-05
5.99274e-05
8.06254e-05
6.73674e-05
7.83742e-05
7.24843e-05
8.09025e-05
8.17324e-05
6.75195e-05
7.48163e-05
5.85888e-05
7.95066e-05
4.61254e-05
7.04733e-05
7.04733e-05
6.79447e-05
6.79447e-05
6.41854e-05
6.5305e-05
5.42847e-05
7.21144e-05
5.15287e-05
6.22751e-05
4.60203e-05
6.26085e-05
7.03362e-05
5.29823e-05
6.36345e-05
6.36345e-05
5.07242e-05
6.4277e-05
5.55232e-05
6.86431e-05
6.483e-05
6.90296e-05
6.90296e-05
5.05504e-05
7.41131e-05
7.06691e-05
6.90037e-05
6.90037e-05
4.35445e-05
7.00135e-05
5.45783e-05
7.93474e-05
8.16533e-05
8.16533e-05
8.88747e-05
6.64448e-05
8.75243e-05
7.77552e-05
6.32641e-05
9.84319e-05
6.25359e-05
7.51884e-05
8.91364e-05
7.40083e-05
7.40083e-05
8.90342e-05
7.96752e-05
8.01114e-05
6.79267e-05
7.9789e-05
7.9789e-05
4.2102e-05
6.59199e-05
5.88332e-05
5.88332e-05
7.90902e-05
6.57442e-05
6.54606e-05
9.94458e-05
6.82291e-05
6.3986e-05
7.34336e-05
6.61885e-05
6.61885e-05
6.18071e-05
6.00228e-05
5.64067e-05
5.64067e-05
6.9222e-05
7.37329e-05
6.82349e-05
5.86782e-05
5.86782e-05
6.00229e-05
5.43505e-05
7.15615e-05
7.98936e-05
5.99274e-05
7.03899e-05
6.73674e-05
6.10234e-05
6.10234e-05
7.24843e-05
4.15731e-05
6.75195e-05
6.75195e-05
6.4517e-05
5.85888e-05
4.61254e-05
6.30005e-05
6.30005e-05
4.87043e-05
5.74492e-05
5.71017e-05
6.41854e-05
6.41854e-05
5.42847e-05
4.73363e-05
5.15287e-05
5.15287e-05
4.44512e-05
4.60203e-05
5.72004e-05
5.72004e-05
5.29823e-05
5.3057e-05
6.25799e-05
5.07242e-05
5.07242e-05
5.55232e-05
5.0682e-05
6.483e-05
5.84215e-05
5.84215e-05
6.46001e-05
5.05504e-05
7.41131e-05
7.06691e-05
6.02514e-05
6.48968e-05
4.35445e-05
7.00135e-05
5.45783e-05
6.58026e-05
5.17357e-05
7.10188e-05
7.10188e-05
6.64448e-05
7.66275e-05
4.3736e-05
7.77552e-05
6.32641e-05
8.1511e-05
6.25359e-05
7.51884e-05
8.91364e-05
6.01033e-05
7.7816e-05
5.24664e-05
)
;
    }
    outlet
    {
        type            calculated;
        value           uniform 0;
    }
    walls
    {
        type            nutkWallFunction;
        value           uniform 0;
    }
}


// ************************************************************************* //
