/*--------------------------------*- C++ -*----------------------------------*\
  =========                 |
  \\      /  F ield         | OpenFOAM: The Open Source CFD Toolbox
   \\    /   O peration     | Website:  https://openfoam.org
    \\  /    A nd           | Version:  13
     \\/     M anipulation  |
\*---------------------------------------------------------------------------*/
FoamFile
{
    format      ascii;
    class       volScalarField;
    location    "0";
    object      omega;
}
// * * * * * * * * * * * * * * * * * * * * * * * * * * * * * * * * * * * * * //

dimensions      [0 0 -1 0 0 0 0];

internalField   uniform 0.43;

boundaryField
{
    inlet
    {
        type            fixedValue;
        value           nonuniform List<scalar> 
1371
(
135.786
141.682
141.682
130.948
122.615
140.682
114.643
114.643
114.765
113.649
126.973
126.973
130.697
130.053
121.052
150.714
150.714
127.35
131.911
128.892
128.892
132.035
85.9402
117.154
108.136
108.136
105.302
113.646
82.6211
82.6211
120.393
116.317
124.121
115.834
115.834
124.999
122.057
117.13
117.13
130.623
134.152
124.36
109.2
109.2
128.943
144.788
102.615
102.615
119.237
109.914
148.549
115.445
112.307
104.829
114.734
110.869
110.869
109.23
128.749
123.886
124.672
119.715
107.585
115.385
111.325
111.325
116.747
113.529
124.481
124.88
117.184
121.733
114.049
116.787
116.787
106.391
116.379
135.274
130.581
127.582
128.291
133.738
140.195
140.195
162.343
122.639
124.024
129.166
126.211
112.486
153.041
146.682
146.682
166.346
135.786
141.682
144.472
130.948
122.615
140.682
137.357
114.643
114.765
113.649
126.973
129.886
130.697
130.053
121.052
133.518
150.714
127.35
131.911
128.892
129.688
132.035
85.9402
117.154
113.06
108.136
105.302
113.646
82.6211
82.6211
120.393
116.317
124.121
117.354
115.834
124.999
122.057
117.13
117.13
130.623
134.152
124.36
113.396
109.2
128.943
144.788
102.615
102.615
119.237
109.914
148.549
115.445
112.307
104.829
114.734
110.869
110.869
109.23
128.749
123.886
124.672
119.715
107.585
115.385
111.325
111.325
116.747
113.529
124.481
124.88
117.184
121.733
114.049
116.787
116.787
106.391
116.379
135.274
130.581
127.582
128.291
133.738
140.195
140.195
162.343
122.639
124.024
129.166
126.211
112.486
153.041
142.455
146.682
166.346
135.786
141.682
144.472
130.948
122.615
140.682
137.357
114.643
114.765
113.649
126.973
129.886
130.697
130.053
121.052
133.518
150.714
127.35
131.911
128.892
129.688
132.035
85.9402
117.154
113.06
108.136
105.302
113.646
82.6211
114.081
120.393
116.317
124.121
117.354
115.834
124.999
122.057
117.13
123.947
130.623
134.152
124.36
113.396
109.2
128.943
144.788
102.615
116.702
119.237
109.914
148.549
115.445
112.307
104.829
114.734
118.844
112.9
109.23
128.749
123.886
124.672
119.715
107.585
115.385
115.851
116.471
116.747
113.529
124.481
124.88
117.184
121.733
114.049
116.787
124.802
106.391
116.379
135.274
130.581
127.582
128.291
133.738
133.381
125.664
162.343
122.639
124.024
129.166
126.211
112.486
153.041
142.455
146.682
166.346
135.786
142.782
144.472
130.948
122.615
140.682
137.357
124.366
114.765
113.649
119.471
129.886
130.697
130.053
121.052
133.518
141.111
127.35
131.911
127.692
129.688
132.035
85.9402
117.154
113.06
110.09
105.302
113.646
101.273
114.081
120.393
116.317
124.121
117.354
115.834
124.999
122.057
120.002
123.947
130.623
134.152
124.36
113.396
109.2
128.943
144.788
117.672
116.702
119.237
109.914
148.549
115.445
107.195
104.829
114.734
118.844
112.9
109.23
128.749
123.886
124.672
119.715
107.585
115.385
115.851
116.471
116.747
113.529
124.481
124.88
117.184
121.733
114.049
115.925
124.802
106.391
116.379
135.274
130.581
127.582
128.291
133.738
133.381
125.664
162.343
122.639
124.024
129.166
126.211
112.486
153.041
142.455
154.616
166.346
135.786
142.782
144.472
130.948
122.615
140.682
137.357
124.366
114.765
113.649
119.471
129.886
130.697
130.053
121.052
133.518
141.111
127.35
131.911
127.692
129.688
132.035
85.9402
111.914
113.06
110.09
105.302
113.646
101.273
114.081
120.393
116.317
122.537
117.354
124.726
124.999
122.057
120.002
123.947
130.623
134.152
124.36
113.396
124.841
128.943
144.788
117.672
116.702
119.237
109.914
148.549
115.445
107.195
104.829
114.734
118.844
112.9
109.23
128.749
122.73
124.672
108.89
107.585
115.385
115.851
116.471
116.747
113.529
118.432
124.88
116.119
121.733
114.049
115.925
124.802
106.391
116.379
119.228
130.581
131.736
128.291
133.738
133.381
125.664
162.343
122.639
127.397
129.166
124.835
112.486
153.041
142.455
154.616
166.346
135.786
142.782
144.472
131.918
122.615
130.233
137.357
124.366
114.765
113.649
119.471
129.886
133.923
130.053
128.658
133.518
141.111
127.35
131.911
127.692
129.688
106.837
85.9402
111.914
113.06
110.09
105.302
113.646
101.273
114.081
120.439
116.317
122.537
117.354
124.726
124.999
122.057
120.002
123.947
127.393
134.152
129.545
113.396
124.841
128.943
144.788
117.672
116.702
113.395
109.914
137.028
115.445
107.195
104.829
114.734
118.844
112.9
112.923
128.749
122.73
124.672
108.89
107.585
115.385
115.851
116.471
119.186
113.529
118.432
124.88
116.119
121.733
114.049
115.925
124.802
115.003
116.379
119.228
130.581
131.736
128.291
133.738
133.381
125.664
162.343
122.639
127.397
129.166
124.835
112.486
135.337
142.455
154.616
166.346
38.3445
37.6877
37.6877
38.3445
38.3445
38.3445
49.1934
49.1934
49.1934
40.3321
67.2292
67.2292
67.2292
37.6877
37.6877
37.6877
37.6877
37.6877
37.6877
37.6877
38.8467
38.8467
38.8467
37.6877
38.3445
38.3445
37.6877
37.6877
37.6877
37.6877
38.8467
38.3445
38.3445
37.6877
37.6877
37.6877
38.8931
38.8931
37.6877
37.3385
37.3385
38.8467
38.8467
38.8467
38.8467
38.8467
38.3445
44.2296
44.2296
44.2296
44.2296
38.1582
38.1582
38.8931
38.8931
38.8931
38.8931
39.9858
37.8852
37.8852
37.3385
37.3385
37.3385
37.3385
49.1934
55.6018
53.3534
47.9037
44.2296
44.2296
44.2296
41.8082
38.1582
38.1582
41.8082
38.1582
38.1582
38.1582
39.4434
37.8856
38.8931
38.8931
38.8931
39.9858
39.9858
40.4617
37.8852
37.8852
37.8852
37.3385
37.3385
37.3385
41.0577
43.6882
50.0948
50.0948
49.1934
49.1934
49.1934
55.6018
53.3534
47.9037
47.9037
47.9037
44.2296
44.2296
40.3321
40.3321
41.8082
38.1582
39.4434
39.4434
39.4434
37.8856
37.8856
38.8931
38.8931
39.9858
39.9858
40.4617
40.4617
37.8852
37.8852
37.8852
37.8852
37.3385
37.3385
41.0577
41.0577
41.0577
43.6882
43.6882
50.0948
50.0948
50.0948
49.1934
55.6018
55.6018
53.3534
53.3534
47.9037
47.9037
47.9037
47.9037
44.2296
40.3321
40.3321
40.3321
41.8082
41.8082
47.9037
50.7983
50.7983
47.9037
40.3321
40.3321
40.3321
40.3321
40.3321
41.8082
47.9932
41.8082
41.8082
38.1582
39.4434
39.4434
39.4434
37.8856
37.8856
37.8856
38.8931
39.9858
39.9858
39.9858
40.4617
40.4617
40.4617
40.4617
37.8852
37.8852
37.8852
37.8852
37.3385
41.0577
41.0577
41.0577
41.0577
43.6882
43.6882
43.6882
43.6882
50.0948
69.8945
50.0948
49.1934
55.6018
55.6018
53.3534
53.3534
53.3534
50.7983
50.7983
50.7983
49.4292
49.2109
49.2109
49.2109
48.8208
47.9932
47.9932
47.9932
47.9932
47.9932
47.6398
49.1099
49.1099
49.1099
50.2924
44.1175
44.1175
44.1175
44.1175
44.1808
44.1808
44.1808
47.6625
45.4797
45.4797
45.4797
45.4797
42.1422
42.1422
42.1422
42.1422
46.0557
46.3164
46.3164
46.3164
46.3164
49.5382
49.5382
49.5382
49.5382
60.6168
70.4779
69.8945
69.8945
69.8945
75.2091
69.5325
69.5325
65.2734
53.0336
53.0336
53.0336
52.7422
46.0557
46.0557
46.3164
46.3164
47.2883
50.5872
50.5872
49.5382
49.5382
60.6168
60.6168
70.4779
70.4779
69.8945
69.8945
75.2091
69.5325
69.5325
65.2734
57.9857
57.9857
53.0336
52.3145
52.7422
52.7422
50.7983
51.9486
49.4292
49.4292
49.2109
48.8208
48.8208
48.8208
50.483
47.9932
47.9932
47.9932
50.2961
47.6398
47.6398
49.1099
49.1099
50.2924
50.2924
50.729
44.1175
44.1175
47.6251
47.6251
44.1808
44.1808
47.6625
47.6625
48.2018
45.4797
45.4797
45.4797
45.7518
45.7518
42.1422
42.1422
45.3054
46.0557
46.0557
46.0557
46.3164
47.2883
47.2883
50.5872
50.5872
50.5872
49.5382
60.6168
60.6168
60.6168
70.4779
70.4779
70.4779
75.2091
75.2091
75.2091
69.5325
65.2734
57.9857
57.9857
53.0336
52.3145
52.7422
52.7422
52.7422
50.7983
51.9486
51.9486
49.4292
49.4292
71.6007
67.2292
48.8208
50.483
50.483
50.483
47.9932
50.2961
50.2961
47.6398
47.6398
47.6398
49.1099
50.2924
50.2924
50.2924
50.729
50.729
44.1175
47.6251
47.6251
47.6251
47.6251
44.1808
47.6625
47.6625
48.2018
48.2018
48.2018
45.4797
45.7518
45.7518
45.7518
42.1422
45.3054
45.3054
45.3054
68.9329
68.9329
72.8257
72.8257
72.8257
73.0866
69.9273
69.9273
50.2924
50.729
67.4431
67.4431
68.1595
68.1595
68.1595
68.1595
62.6683
62.6683
62.6683
62.1801
62.1801
62.1801
77.4216
62.3872
62.3872
62.3872
71.3148
59.262
59.262
59.262
75.0285
62.2088
62.2088
62.2088
67.5649
68.2772
68.2772
68.2772
50.5872
65.7964
65.7964
65.7964
75.0771
75.0771
75.0771
75.0771
98.3301
98.3301
98.3301
92.0391
92.0391
92.0391
80.3749
80.3749
78.6255
73.8671
73.8671
71.0262
71.0262
52.3145
74.3814
74.3814
75.3163
73.7562
73.7562
73.7562
68.7062
68.7062
71.6007
67.2292
67.2292
74.2999
74.2999
74.2999
68.9329
75.0285
75.0285
70.701
62.2088
62.2088
68.0383
67.5649
68.2772
68.2772
78.637
65.7964
65.7964
78.9251
87.5678
75.0771
75.0771
106.408
115.688
98.3301
106.044
102.418
92.0391
83.4092
85.4577
80.3749
78.6255
78.6255
73.8671
76.3898
71.0262
71.0262
76.9096
78.0907
74.3814
75.3163
81.572
73.7562
71.1933
77.2304
68.7062
71.6007
71.6007
67.2292
72.6892
76.2341
74.2999
74.2999
72.7404
75.6063
68.9329
68.9329
72.2752
72.8257
73.3851
73.0866
73.0866
69.9273
69.9273
77.3715
67.4431
67.4431
80.0536
78.1034
68.1595
68.1595
76.838
71.8867
71.8867
62.6683
69.1162
73.031
62.1801
62.1801
77.4216
77.4216
62.3872
71.3148
66.816
66.816
59.262
75.0285
70.701
70.701
68.0383
68.0383
67.5649
67.5649
78.637
78.637
70.6995
65.7964
78.9251
87.5678
87.5678
106.408
106.408
115.688
115.688
106.044
102.418
102.418
83.4092
85.4577
85.4577
78.6255
78.6255
76.3898
76.3898
76.3898
76.9096
76.9096
78.0907
75.3163
75.3163
81.572
71.1933
71.1933
77.2304
77.2304
98.0942
98.0942
72.6892
72.6892
76.2341
76.2341
74.2999
72.7404
75.6063
75.6063
71.2951
72.2752
72.2752
73.3851
73.3851
73.0866
103.499
77.3715
77.3715
77.3715
81.693
67.4431
80.0536
80.0536
78.1034
68.1595
76.838
76.838
71.8867
100.014
69.1162
69.1162
73.031
73.031
70.2271
70.2271
77.4216
106.377
71.3148
66.816
66.816
59.262
75.0285
109.632
107.65
118.281
118.281
116.345
116.345
110.842
114.705
116.325
116.17
123.235
91.6343
116.975
119.52
109.646
109.646
127.734
127.734
132.553
128.733
116.8
105.499
100.958
110.942
101.222
112.58
102.101
96.0251
99.7961
109.618
106.988
116.381
101.646
107.64
107.995
108.58
106.199
104.112
107.34
105.362
102.653
98.0942
99.2304
102.674
102.674
101.958
101.958
104.462
103.511
103.417
100.039
110.033
105.847
104.816
105.512
99.5405
106.517
103.499
103.499
101.911
103.128
105.107
102.427
105.972
109.312
109.312
101.082
104.078
110.258
102.12
102.12
104.065
100.014
106.498
110.845
111.767
111.767
110.394
122.301
109.843
130.463
108.548
106.377
123.234
101.211
97.6566
114.332
114.332
107.65
139.306
127.455
117.929
113.586
113.586
137.357
116.325
123.18
123.18
123.235
126.658
116.975
119.52
130.837
124.455
127.901
137.09
137.09
128.733
135.867
105.499
105.499
111.504
110.942
103.476
112.58
112.58
96.0251
107.499
109.618
106.988
116.381
107.865
107.64
115.869
115.869
108.58
123.947
107.34
107.34
110.526
102.653
99.2304
116.43
116.43
99.0853
108.489
98.8741
104.462
104.462
103.417
104.994
110.033
110.033
104.132
104.816
106.64
106.64
106.517
103.517
104.228
101.911
101.911
105.107
100.542
105.972
100.417
100.417
109.848
101.082
104.078
110.258
99.4555
97.4241
104.065
100.014
106.498
118.453
113.303
126.282
126.282
122.301
114.115
147.665
130.463
108.548
114.234
123.234
101.211
97.6566
103.24
124.333
109.632
)
;
    }
    outlet
    {
        type            zeroGradient;
    }
    walls
    {
        type            omegaWallFunction;
        value           uniform 0.43;
    }
}


// ************************************************************************* //
