/*--------------------------------*- C++ -*----------------------------------*\
  =========                 |
  \\      /  F ield         | OpenFOAM: The Open Source CFD Toolbox
   \\    /   O peration     | Website:  https://openfoam.org
    \\  /    A nd           | Version:  13
     \\/     M anipulation  |
\*---------------------------------------------------------------------------*/
FoamFile
{
    format      ascii;
    class       volVectorField;
    location    "0";
    object      U;
}
// * * * * * * * * * * * * * * * * * * * * * * * * * * * * * * * * * * * * * //

dimensions      [0 1 -1 0 0 0 0];

internalField   uniform (0 0 -0.5);

boundaryField
{
    inlet
    {
        type            fixedValue;
        value           nonuniform List<vector> 
1371
(
(0.668848 -2.55965 -1.31061)
(0.509421 -2.68811 -1.24155)
(0.509421 -2.68811 -1.24155)
(0.291249 -2.71772 -1.22182)
(-0.0621822 -2.68167 -1.28635)
(-0.242821 -2.68169 -1.1548)
(-0.34198 -2.63468 -1.27993)
(-0.34198 -2.63468 -1.27993)
(-0.818292 -2.58563 -1.19199)
(-0.973191 -2.62516 -1.252)
(-1.1735 -2.36288 -1.24718)
(-1.1735 -2.36288 -1.24718)
(-1.46309 -2.35007 -1.21495)
(-1.71823 -2.23598 -1.1559)
(-1.96497 -1.85454 -1.1606)
(-2.24362 -1.57612 -0.946756)
(-2.24362 -1.57612 -0.946756)
(-2.62234 -1.07509 -1.11375)
(-2.68852 -0.677298 -1.07357)
(-2.71602 -0.17757 -0.96432)
(-2.71602 -0.17757 -0.96432)
(-2.76592 0.146219 -1.08782)
(-2.62357 0.45443 -1.11981)
(-2.68988 0.682312 -1.08467)
(-2.64374 0.795881 -1.16615)
(-2.64374 0.795881 -1.16615)
(-2.40398 1.23682 -1.13881)
(-2.32615 1.337 -1.07514)
(-2.11246 1.52532 -1.13513)
(-2.11246 1.52532 -1.13513)
(-2.15547 1.7452 -1.11659)
(-1.90024 1.99518 -1.21325)
(-1.7808 2.15542 -1.06477)
(-1.58022 2.23216 -1.10731)
(-1.58022 2.23216 -1.10731)
(-1.32358 2.45629 -1.1461)
(-1.23418 2.63141 -1.02932)
(-0.983596 2.60682 -1.06837)
(-0.983596 2.60682 -1.06837)
(-0.829506 2.63733 -1.11886)
(-0.608577 2.68136 -1.04197)
(-0.259478 2.81294 -1.12086)
(-0.0482724 2.88813 -1.11799)
(-0.0482724 2.88813 -1.11799)
(0.209867 2.85094 -1.01161)
(0.363494 2.85843 -1.02148)
(0.449853 2.72671 -1.02169)
(0.449853 2.72671 -1.02169)
(0.781174 2.75511 -1.08471)
(0.828324 2.68172 -1.139)
(1.18999 2.63421 -1.11994)
(1.10147 2.46614 -1.52623)
(1.37432 2.55745 -0.997931)
(1.54068 2.43157 -1.08895)
(1.53784 2.40506 -1.07854)
(1.70978 2.30129 -1.09354)
(1.70978 2.30129 -1.09354)
(1.99164 2.07237 -1.13994)
(2.0037 2.0612 -1.06756)
(2.10726 1.91119 -1.07648)
(2.13192 1.69364 -1.51977)
(2.35932 1.59464 -1.14743)
(2.39024 1.60694 -1.10499)
(2.46079 1.38738 -1.06045)
(2.60097 1.08865 -1.01372)
(2.60097 1.08865 -1.01372)
(2.7117 1.00426 -1.08281)
(2.77874 0.836328 -1.11096)
(2.76283 0.655016 -1.11209)
(2.6263 0.528596 -1.51536)
(2.75874 0.363174 -1.07876)
(2.82445 0.17792 -1.12098)
(2.81804 0.106757 -1.09866)
(2.7192 -0.136432 -1.17057)
(2.7192 -0.136432 -1.17057)
(2.75754 -0.36537 -1.26298)
(2.60901 -0.556206 -1.1714)
(2.6281 -0.773801 -1.1652)
(2.37001 -0.812535 -1.78692)
(2.60658 -0.826999 -1.15104)
(2.47328 -1.09179 -1.25473)
(2.28834 -1.38218 -1.24501)
(2.17456 -1.62519 -1.14587)
(2.17456 -1.62519 -1.14587)
(2.10728 -1.79727 -1.10073)
(2.05256 -1.68847 -1.17665)
(1.71953 -1.8648 -1.2686)
(1.5784 -1.77793 -1.85339)
(1.6749 -2.09907 -1.45259)
(1.52626 -2.08296 -1.19199)
(1.34911 -2.42358 -1.56034)
(1.13497 -2.38239 -1.1717)
(1.13497 -2.38239 -1.1717)
(0.734845 -2.64866 -1.07676)
(0.668848 -2.55965 -1.31061)
(0.509421 -2.68811 -1.24155)
(0.29326 -2.54007 -1.85486)
(0.291249 -2.71772 -1.22182)
(-0.0621822 -2.68167 -1.28635)
(-0.242821 -2.68169 -1.1548)
(-0.288164 -2.44357 -1.82115)
(-0.34198 -2.63468 -1.27993)
(-0.818292 -2.58563 -1.19199)
(-0.973191 -2.62516 -1.252)
(-1.1735 -2.36288 -1.24718)
(-1.13834 -2.17537 -1.79929)
(-1.46309 -2.35007 -1.21495)
(-1.71823 -2.23598 -1.1559)
(-1.96497 -1.85454 -1.1606)
(-1.90921 -1.7049 -1.59606)
(-2.24362 -1.57612 -0.946756)
(-2.62234 -1.07509 -1.11375)
(-2.68852 -0.677298 -1.07357)
(-2.71602 -0.17757 -0.96432)
(-2.6162 -0.0322337 -1.61652)
(-2.76592 0.146219 -1.08782)
(-2.62357 0.45443 -1.11981)
(-2.68988 0.682312 -1.08467)
(-2.31374 0.869351 -1.64851)
(-2.64374 0.795881 -1.16615)
(-2.40398 1.23682 -1.13881)
(-2.32615 1.337 -1.07514)
(-2.11246 1.52532 -1.13513)
(-2.11246 1.52532 -1.13513)
(-2.15547 1.7452 -1.11659)
(-1.90024 1.99518 -1.21325)
(-1.7808 2.15542 -1.06477)
(-1.49892 2.06741 -1.69687)
(-1.58022 2.23216 -1.10731)
(-1.32358 2.45629 -1.1461)
(-1.23418 2.63141 -1.02932)
(-0.983596 2.60682 -1.06837)
(-0.983596 2.60682 -1.06837)
(-0.829506 2.63733 -1.11886)
(-0.608577 2.68136 -1.04197)
(-0.259478 2.81294 -1.12086)
(-0.211339 2.66146 -1.59504)
(-0.0482724 2.88813 -1.11799)
(0.209867 2.85094 -1.01161)
(0.363494 2.85843 -1.02148)
(0.449853 2.72671 -1.02169)
(0.449853 2.72671 -1.02169)
(0.781174 2.75511 -1.08471)
(0.828324 2.68172 -1.139)
(1.18999 2.63421 -1.11994)
(1.10147 2.46614 -1.52623)
(1.37432 2.55745 -0.997931)
(1.54068 2.43157 -1.08895)
(1.53784 2.40506 -1.07854)
(1.70978 2.30129 -1.09354)
(1.70978 2.30129 -1.09354)
(1.99164 2.07237 -1.13994)
(2.0037 2.0612 -1.06756)
(2.10726 1.91119 -1.07648)
(2.13192 1.69364 -1.51977)
(2.35932 1.59464 -1.14743)
(2.39024 1.60694 -1.10499)
(2.46079 1.38738 -1.06045)
(2.60097 1.08865 -1.01372)
(2.60097 1.08865 -1.01372)
(2.7117 1.00426 -1.08281)
(2.77874 0.836328 -1.11096)
(2.76283 0.655016 -1.11209)
(2.6263 0.528596 -1.51536)
(2.75874 0.363174 -1.07876)
(2.82445 0.17792 -1.12098)
(2.81804 0.106757 -1.09866)
(2.7192 -0.136432 -1.17057)
(2.7192 -0.136432 -1.17057)
(2.75754 -0.36537 -1.26298)
(2.60901 -0.556206 -1.1714)
(2.6281 -0.773801 -1.1652)
(2.37001 -0.812535 -1.78692)
(2.60658 -0.826999 -1.15104)
(2.47328 -1.09179 -1.25473)
(2.28834 -1.38218 -1.24501)
(2.17456 -1.62519 -1.14587)
(2.17456 -1.62519 -1.14587)
(2.10728 -1.79727 -1.10073)
(2.05256 -1.68847 -1.17665)
(1.71953 -1.8648 -1.2686)
(1.5784 -1.77793 -1.85339)
(1.6749 -2.09907 -1.45259)
(1.52626 -2.08296 -1.19199)
(1.34911 -2.42358 -1.56034)
(1.24569 -2.23975 -1.98038)
(1.13497 -2.38239 -1.1717)
(0.734845 -2.64866 -1.07676)
(0.668848 -2.55965 -1.31061)
(0.509421 -2.68811 -1.24155)
(0.29326 -2.54007 -1.85486)
(0.291249 -2.71772 -1.22182)
(-0.0621822 -2.68167 -1.28635)
(-0.242821 -2.68169 -1.1548)
(-0.288164 -2.44357 -1.82115)
(-0.34198 -2.63468 -1.27993)
(-0.818292 -2.58563 -1.19199)
(-0.973191 -2.62516 -1.252)
(-1.1735 -2.36288 -1.24718)
(-1.13834 -2.17537 -1.79929)
(-1.46309 -2.35007 -1.21495)
(-1.71823 -2.23598 -1.1559)
(-1.96497 -1.85454 -1.1606)
(-1.90921 -1.7049 -1.59606)
(-2.24362 -1.57612 -0.946756)
(-2.62234 -1.07509 -1.11375)
(-2.68852 -0.677298 -1.07357)
(-2.71602 -0.17757 -0.96432)
(-2.6162 -0.0322337 -1.61652)
(-2.76592 0.146219 -1.08782)
(-2.62357 0.45443 -1.11981)
(-2.68988 0.682312 -1.08467)
(-2.31374 0.869351 -1.64851)
(-2.64374 0.795881 -1.16615)
(-2.40398 1.23682 -1.13881)
(-2.32615 1.337 -1.07514)
(-2.11246 1.52532 -1.13513)
(-2.01684 1.45918 -1.69335)
(-2.15547 1.7452 -1.11659)
(-1.90024 1.99518 -1.21325)
(-1.7808 2.15542 -1.06477)
(-1.49892 2.06741 -1.69687)
(-1.58022 2.23216 -1.10731)
(-1.32358 2.45629 -1.1461)
(-1.23418 2.63141 -1.02932)
(-0.983596 2.60682 -1.06837)
(-0.608574 2.54472 -1.64562)
(-0.829506 2.63733 -1.11886)
(-0.608577 2.68136 -1.04197)
(-0.259478 2.81294 -1.12086)
(-0.211339 2.66146 -1.59504)
(-0.0482724 2.88813 -1.11799)
(0.209867 2.85094 -1.01161)
(0.363494 2.85843 -1.02148)
(0.449853 2.72671 -1.02169)
(0.671377 2.62907 -1.45016)
(0.781174 2.75511 -1.08471)
(0.828324 2.68172 -1.139)
(1.18999 2.63421 -1.11994)
(1.10147 2.46614 -1.52623)
(1.37432 2.55745 -0.997931)
(1.54068 2.43157 -1.08895)
(1.53784 2.40506 -1.07854)
(1.68137 2.12653 -1.60765)
(1.79705 2.08349 -1.5096)
(1.99164 2.07237 -1.13994)
(2.0037 2.0612 -1.06756)
(2.10726 1.91119 -1.07648)
(2.13192 1.69364 -1.51977)
(2.35932 1.59464 -1.14743)
(2.39024 1.60694 -1.10499)
(2.46079 1.38738 -1.06045)
(2.40974 1.19368 -1.52253)
(2.41745 1.0208 -1.66323)
(2.7117 1.00426 -1.08281)
(2.77874 0.836328 -1.11096)
(2.76283 0.655016 -1.11209)
(2.6263 0.528596 -1.51536)
(2.75874 0.363174 -1.07876)
(2.82445 0.17792 -1.12098)
(2.81804 0.106757 -1.09866)
(2.7192 -0.136432 -1.17057)
(2.48008 -0.148219 -1.78724)
(2.75754 -0.36537 -1.26298)
(2.60901 -0.556206 -1.1714)
(2.6281 -0.773801 -1.1652)
(2.37001 -0.812535 -1.78692)
(2.60658 -0.826999 -1.15104)
(2.47328 -1.09179 -1.25473)
(2.28834 -1.38218 -1.24501)
(2.15185 -1.15088 -1.83425)
(2.08203 -1.33914 -1.89731)
(2.10728 -1.79727 -1.10073)
(2.05256 -1.68847 -1.17665)
(1.71953 -1.8648 -1.2686)
(1.5784 -1.77793 -1.85339)
(1.6749 -2.09907 -1.45259)
(1.52626 -2.08296 -1.19199)
(1.34911 -2.42358 -1.56034)
(1.24569 -2.23975 -1.98038)
(1.13497 -2.38239 -1.1717)
(0.734845 -2.64866 -1.07676)
(0.668848 -2.55965 -1.31061)
(0.480287 -2.48111 -1.92294)
(0.29326 -2.54007 -1.85486)
(0.291249 -2.71772 -1.22182)
(-0.0621822 -2.68167 -1.28635)
(-0.242821 -2.68169 -1.1548)
(-0.288164 -2.44357 -1.82115)
(-0.504492 -2.57918 -1.65065)
(-0.818292 -2.58563 -1.19199)
(-0.973191 -2.62516 -1.252)
(-0.901113 -2.42972 -1.67801)
(-1.13834 -2.17537 -1.79929)
(-1.46309 -2.35007 -1.21495)
(-1.71823 -2.23598 -1.1559)
(-1.96497 -1.85454 -1.1606)
(-1.90921 -1.7049 -1.59606)
(-2.18524 -1.32648 -1.61648)
(-2.62234 -1.07509 -1.11375)
(-2.68852 -0.677298 -1.07357)
(-2.49944 -0.421009 -1.57038)
(-2.6162 -0.0322337 -1.61652)
(-2.76592 0.146219 -1.08782)
(-2.62357 0.45443 -1.11981)
(-2.68988 0.682312 -1.08467)
(-2.31374 0.869351 -1.64851)
(-2.32695 1.07401 -1.68397)
(-2.40398 1.23682 -1.13881)
(-2.32615 1.337 -1.07514)
(-1.94676 1.47318 -1.69844)
(-2.01684 1.45918 -1.69335)
(-2.15547 1.7452 -1.11659)
(-1.90024 1.99518 -1.21325)
(-1.7808 2.15542 -1.06477)
(-1.49892 2.06741 -1.69687)
(-1.58022 2.23216 -1.10731)
(-1.32358 2.45629 -1.1461)
(-1.23418 2.63141 -1.02932)
(-0.933006 2.38194 -1.6647)
(-0.608574 2.54472 -1.64562)
(-0.829506 2.63733 -1.11886)
(-0.608577 2.68136 -1.04197)
(-0.259478 2.81294 -1.12086)
(-0.211339 2.66146 -1.59504)
(-0.0482724 2.88813 -1.11799)
(0.209867 2.85094 -1.01161)
(0.363494 2.85843 -1.02148)
(0.451197 2.61175 -1.64891)
(0.671377 2.62907 -1.45016)
(0.781174 2.75511 -1.08471)
(0.828324 2.68172 -1.139)
(1.18999 2.63421 -1.11994)
(1.10147 2.46614 -1.52623)
(1.24186 2.39508 -1.54298)
(1.54068 2.43157 -1.08895)
(1.53784 2.40506 -1.07854)
(1.68137 2.12653 -1.60765)
(1.79705 2.08349 -1.5096)
(1.99164 2.07237 -1.13994)
(2.0037 2.0612 -1.06756)
(2.10726 1.91119 -1.07648)
(2.13192 1.69364 -1.51977)
(2.35932 1.59464 -1.14743)
(2.39024 1.60694 -1.10499)
(2.46079 1.38738 -1.06045)
(2.40974 1.19368 -1.52253)
(2.41745 1.0208 -1.66323)
(2.7117 1.00426 -1.08281)
(2.77874 0.836328 -1.11096)
(2.76283 0.655016 -1.11209)
(2.6263 0.528596 -1.51536)
(2.75874 0.363174 -1.07876)
(2.82445 0.17792 -1.12098)
(2.81804 0.106757 -1.09866)
(2.56511 -0.152024 -1.62334)
(2.48008 -0.148219 -1.78724)
(2.75754 -0.36537 -1.26298)
(2.60901 -0.556206 -1.1714)
(2.6281 -0.773801 -1.1652)
(2.37001 -0.812535 -1.78692)
(2.60658 -0.826999 -1.15104)
(2.47328 -1.09179 -1.25473)
(2.28834 -1.38218 -1.24501)
(2.15185 -1.15088 -1.83425)
(2.08203 -1.33914 -1.89731)
(2.10728 -1.79727 -1.10073)
(2.05256 -1.68847 -1.17665)
(1.71953 -1.8648 -1.2686)
(1.5784 -1.77793 -1.85339)
(1.6749 -2.09907 -1.45259)
(1.52626 -2.08296 -1.19199)
(1.34911 -2.42358 -1.56034)
(1.24569 -2.23975 -1.98038)
(0.957949 -2.32168 -1.75468)
(0.734845 -2.64866 -1.07676)
(0.668848 -2.55965 -1.31061)
(0.480287 -2.48111 -1.92294)
(0.29326 -2.54007 -1.85486)
(0.291249 -2.71772 -1.22182)
(-0.0621822 -2.68167 -1.28635)
(-0.242821 -2.68169 -1.1548)
(-0.288164 -2.44357 -1.82115)
(-0.504492 -2.57918 -1.65065)
(-0.818292 -2.58563 -1.19199)
(-0.973191 -2.62516 -1.252)
(-0.901113 -2.42972 -1.67801)
(-1.13834 -2.17537 -1.79929)
(-1.46309 -2.35007 -1.21495)
(-1.71823 -2.23598 -1.1559)
(-1.96497 -1.85454 -1.1606)
(-1.90921 -1.7049 -1.59606)
(-2.18524 -1.32648 -1.61648)
(-2.62234 -1.07509 -1.11375)
(-2.68852 -0.677298 -1.07357)
(-2.49944 -0.421009 -1.57038)
(-2.6162 -0.0322337 -1.61652)
(-2.76592 0.146219 -1.08782)
(-2.62357 0.45443 -1.11981)
(-2.48987 0.492973 -1.58887)
(-2.31374 0.869351 -1.64851)
(-2.32695 1.07401 -1.68397)
(-2.40398 1.23682 -1.13881)
(-2.32615 1.337 -1.07514)
(-1.94676 1.47318 -1.69844)
(-2.01684 1.45918 -1.69335)
(-2.15547 1.7452 -1.11659)
(-1.90024 1.99518 -1.21325)
(-1.67143 1.9123 -1.66187)
(-1.49892 2.06741 -1.69687)
(-1.28674 2.30043 -1.58003)
(-1.32358 2.45629 -1.1461)
(-1.23418 2.63141 -1.02932)
(-0.933006 2.38194 -1.6647)
(-0.608574 2.54472 -1.64562)
(-0.829506 2.63733 -1.11886)
(-0.608577 2.68136 -1.04197)
(-0.259478 2.81294 -1.12086)
(-0.211339 2.66146 -1.59504)
(0.0415613 2.59928 -1.66871)
(0.209867 2.85094 -1.01161)
(0.363494 2.85843 -1.02148)
(0.451197 2.61175 -1.64891)
(0.671377 2.62907 -1.45016)
(0.781174 2.75511 -1.08471)
(0.828324 2.68172 -1.139)
(1.18999 2.63421 -1.11994)
(1.10147 2.46614 -1.52623)
(1.24186 2.39508 -1.54298)
(1.54068 2.43157 -1.08895)
(1.53784 2.40506 -1.07854)
(1.68137 2.12653 -1.60765)
(1.79705 2.08349 -1.5096)
(1.99164 2.07237 -1.13994)
(2.0037 2.0612 -1.06756)
(2.04939 1.74189 -1.59009)
(2.13192 1.69364 -1.51977)
(2.13319 1.47353 -1.63242)
(2.39024 1.60694 -1.10499)
(2.46079 1.38738 -1.06045)
(2.40974 1.19368 -1.52253)
(2.41745 1.0208 -1.66323)
(2.7117 1.00426 -1.08281)
(2.77874 0.836328 -1.11096)
(2.54592 0.598858 -1.70739)
(2.6263 0.528596 -1.51536)
(2.45032 0.329743 -1.76374)
(2.82445 0.17792 -1.12098)
(2.81804 0.106757 -1.09866)
(2.56511 -0.152024 -1.62334)
(2.48008 -0.148219 -1.78724)
(2.75754 -0.36537 -1.26298)
(2.60901 -0.556206 -1.1714)
(2.46585 -0.410285 -1.84218)
(2.37001 -0.812535 -1.78692)
(2.33353 -0.973249 -1.80907)
(2.47328 -1.09179 -1.25473)
(2.28834 -1.38218 -1.24501)
(2.15185 -1.15088 -1.83425)
(2.08203 -1.33914 -1.89731)
(2.10728 -1.79727 -1.10073)
(2.05256 -1.68847 -1.17665)
(1.87822 -1.59008 -1.71424)
(1.5784 -1.77793 -1.85339)
(1.41871 -2.0571 -1.99084)
(1.52626 -2.08296 -1.19199)
(1.34911 -2.42358 -1.56034)
(1.24569 -2.23975 -1.98038)
(0.957949 -2.32168 -1.75468)
(0.734845 -2.64866 -1.07676)
(0.668848 -2.55965 -1.31061)
(0.480287 -2.48111 -1.92294)
(0.29326 -2.54007 -1.85486)
(0.25237 -2.56038 -1.68933)
(-0.0621822 -2.68167 -1.28635)
(-0.00975199 -2.40445 -1.94417)
(-0.288164 -2.44357 -1.82115)
(-0.504492 -2.57918 -1.65065)
(-0.818292 -2.58563 -1.19199)
(-0.973191 -2.62516 -1.252)
(-0.901113 -2.42972 -1.67801)
(-1.13834 -2.17537 -1.79929)
(-1.42518 -2.23413 -1.77349)
(-1.71823 -2.23598 -1.1559)
(-1.67384 -2.03529 -1.62687)
(-1.90921 -1.7049 -1.59606)
(-2.18524 -1.32648 -1.61648)
(-2.62234 -1.07509 -1.11375)
(-2.68852 -0.677298 -1.07357)
(-2.49944 -0.421009 -1.57038)
(-2.6162 -0.0322337 -1.61652)
(-2.50709 0.466793 -1.72067)
(-2.62357 0.45443 -1.11981)
(-2.48987 0.492973 -1.58887)
(-2.31374 0.869351 -1.64851)
(-2.32695 1.07401 -1.68397)
(-2.40398 1.23682 -1.13881)
(-2.32615 1.337 -1.07514)
(-1.94676 1.47318 -1.69844)
(-2.01684 1.45918 -1.69335)
(-1.85939 1.81405 -1.64004)
(-1.90024 1.99518 -1.21325)
(-1.67143 1.9123 -1.66187)
(-1.49892 2.06741 -1.69687)
(-1.28674 2.30043 -1.58003)
(-1.32358 2.45629 -1.1461)
(-1.23418 2.63141 -1.02932)
(-0.933006 2.38194 -1.6647)
(-0.608574 2.54472 -1.64562)
(-0.463958 2.60844 -1.64035)
(-0.608577 2.68136 -1.04197)
(-0.326813 2.66471 -1.52488)
(-0.211339 2.66146 -1.59504)
(0.0415613 2.59928 -1.66871)
(0.209867 2.85094 -1.01161)
(0.363494 2.85843 -1.02148)
(0.451197 2.61175 -1.64891)
(0.671377 2.62907 -1.45016)
(0.796474 2.53258 -1.63409)
(0.828324 2.68172 -1.139)
(1.0446 2.54483 -1.58916)
(1.10147 2.46614 -1.52623)
(1.24186 2.39508 -1.54298)
(1.54068 2.43157 -1.08895)
(1.53784 2.40506 -1.07854)
(1.68137 2.12653 -1.60765)
(1.79705 2.08349 -1.5096)
(1.84511 1.85905 -1.67032)
(2.0037 2.0612 -1.06756)
(2.04939 1.74189 -1.59009)
(2.13192 1.69364 -1.51977)
(2.13319 1.47353 -1.63242)
(2.39024 1.60694 -1.10499)
(2.46079 1.38738 -1.06045)
(2.40974 1.19368 -1.52253)
(2.41745 1.0208 -1.66323)
(2.48504 0.8024 -1.69868)
(2.77874 0.836328 -1.11096)
(2.54592 0.598858 -1.70739)
(2.6263 0.528596 -1.51536)
(2.45032 0.329743 -1.76374)
(2.82445 0.17792 -1.12098)
(2.81804 0.106757 -1.09866)
(2.56511 -0.152024 -1.62334)
(2.48008 -0.148219 -1.78724)
(2.54305 -0.399034 -1.78387)
(2.60901 -0.556206 -1.1714)
(2.46585 -0.410285 -1.84218)
(2.37001 -0.812535 -1.78692)
(2.33353 -0.973249 -1.80907)
(2.47328 -1.09179 -1.25473)
(2.28834 -1.38218 -1.24501)
(2.15185 -1.15088 -1.83425)
(2.08203 -1.33914 -1.89731)
(2.10728 -1.79727 -1.10073)
(2.05256 -1.68847 -1.17665)
(1.87822 -1.59008 -1.71424)
(1.5784 -1.77793 -1.85339)
(1.41871 -2.0571 -1.99084)
(1.52626 -2.08296 -1.19199)
(1.54444 -1.93435 -1.94667)
(1.24569 -2.23975 -1.98038)
(0.957949 -2.32168 -1.75468)
(0.734845 -2.64866 -1.07676)
(-0.447643 0.502729 -3.36801)
(-0.282853 0.119306 -3.34391)
(-0.282853 0.119306 -3.34391)
(-0.447643 0.502729 -3.36801)
(-0.447643 0.502729 -3.36801)
(-0.447643 0.502729 -3.36801)
(-0.969295 -0.169219 -3.32842)
(-0.969295 -0.169219 -3.32842)
(-0.969295 -0.169219 -3.32842)
(-0.180527 0.746711 -3.28858)
(0.35033 1.79463 -3.02162)
(0.35033 1.79463 -3.02162)
(0.35033 1.79463 -3.02162)
(-0.282853 0.119306 -3.34391)
(-0.282853 0.119306 -3.34391)
(-0.282853 0.119306 -3.34391)
(-0.282853 0.119306 -3.34391)
(-0.282853 0.119306 -3.34391)
(-0.282853 0.119306 -3.34391)
(-0.282853 0.119306 -3.34391)
(-0.584824 -0.0594881 -3.32443)
(-0.584824 -0.0594881 -3.32443)
(-0.584824 -0.0594881 -3.32443)
(-0.282853 0.119306 -3.34391)
(-0.447643 0.502729 -3.36801)
(-0.447643 0.502729 -3.36801)
(-0.282853 0.119306 -3.34391)
(-0.282853 0.119306 -3.34391)
(-0.282853 0.119306 -3.34391)
(-0.282853 0.119306 -3.34391)
(-0.584824 -0.0594881 -3.32443)
(-0.447643 0.502729 -3.36801)
(-0.447643 0.502729 -3.36801)
(-0.282853 0.119306 -3.34391)
(-0.282853 0.119306 -3.34391)
(-0.282853 0.119306 -3.34391)
(0.149594 0.284307 -3.37652)
(0.149594 0.284307 -3.37652)
(-0.282853 0.119306 -3.34391)
(-0.287035 -0.182952 -3.34204)
(-0.287035 -0.182952 -3.34204)
(-0.584824 -0.0594881 -3.32443)
(-0.584824 -0.0594881 -3.32443)
(-0.584824 -0.0594881 -3.32443)
(-0.584824 -0.0594881 -3.32443)
(-0.584824 -0.0594881 -3.32443)
(-0.447643 0.502729 -3.36801)
(-0.498764 0.568358 -3.4078)
(-0.498764 0.568358 -3.4078)
(-0.498764 0.568358 -3.4078)
(-0.498764 0.568358 -3.4078)
(0.0452632 0.531222 -3.40314)
(0.0452632 0.531222 -3.40314)
(0.149594 0.284307 -3.37652)
(0.149594 0.284307 -3.37652)
(0.149594 0.284307 -3.37652)
(0.149594 0.284307 -3.37652)
(0.524068 0.0231155 -3.47665)
(0.237527 -0.310386 -3.39999)
(0.237527 -0.310386 -3.39999)
(-0.287035 -0.182952 -3.34204)
(-0.287035 -0.182952 -3.34204)
(-0.287035 -0.182952 -3.34204)
(-0.287035 -0.182952 -3.34204)
(-0.969295 -0.169219 -3.32842)
(-1.18873 -0.134052 -3.02051)
(-0.993628 0.316032 -3.3141)
(-0.823926 0.547051 -3.10398)
(-0.498764 0.568358 -3.4078)
(-0.498764 0.568358 -3.4078)
(-0.498764 0.568358 -3.4078)
(0.0810844 0.897761 -3.22773)
(0.0452632 0.531222 -3.40314)
(0.0452632 0.531222 -3.40314)
(0.0810844 0.897761 -3.22773)
(0.0452632 0.531222 -3.40314)
(0.0452632 0.531222 -3.40314)
(0.0452632 0.531222 -3.40314)
(0.359939 0.522991 -3.33615)
(0.523799 0.383823 -3.33889)
(0.149594 0.284307 -3.37652)
(0.149594 0.284307 -3.37652)
(0.149594 0.284307 -3.37652)
(0.524068 0.0231155 -3.47665)
(0.524068 0.0231155 -3.47665)
(0.358362 -0.224105 -3.26834)
(0.237527 -0.310386 -3.39999)
(0.237527 -0.310386 -3.39999)
(0.237527 -0.310386 -3.39999)
(-0.287035 -0.182952 -3.34204)
(-0.287035 -0.182952 -3.34204)
(-0.287035 -0.182952 -3.34204)
(-0.370942 -0.407434 -3.2263)
(-0.705012 -0.592026 -3.23726)
(-1.13482 -0.482629 -2.98803)
(-1.13482 -0.482629 -2.98803)
(-0.969295 -0.169219 -3.32842)
(-0.969295 -0.169219 -3.32842)
(-0.969295 -0.169219 -3.32842)
(-1.18873 -0.134052 -3.02051)
(-0.993628 0.316032 -3.3141)
(-0.823926 0.547051 -3.10398)
(-0.823926 0.547051 -3.10398)
(-0.823926 0.547051 -3.10398)
(-0.498764 0.568358 -3.4078)
(-0.498764 0.568358 -3.4078)
(-0.180527 0.746711 -3.28858)
(-0.180527 0.746711 -3.28858)
(0.0810844 0.897761 -3.22773)
(0.0452632 0.531222 -3.40314)
(0.359939 0.522991 -3.33615)
(0.359939 0.522991 -3.33615)
(0.359939 0.522991 -3.33615)
(0.523799 0.383823 -3.33889)
(0.523799 0.383823 -3.33889)
(0.149594 0.284307 -3.37652)
(0.149594 0.284307 -3.37652)
(0.524068 0.0231155 -3.47665)
(0.524068 0.0231155 -3.47665)
(0.358362 -0.224105 -3.26834)
(0.358362 -0.224105 -3.26834)
(0.237527 -0.310386 -3.39999)
(0.237527 -0.310386 -3.39999)
(0.237527 -0.310386 -3.39999)
(0.237527 -0.310386 -3.39999)
(-0.287035 -0.182952 -3.34204)
(-0.287035 -0.182952 -3.34204)
(-0.370942 -0.407434 -3.2263)
(-0.370942 -0.407434 -3.2263)
(-0.370942 -0.407434 -3.2263)
(-0.705012 -0.592026 -3.23726)
(-0.705012 -0.592026 -3.23726)
(-1.13482 -0.482629 -2.98803)
(-1.13482 -0.482629 -2.98803)
(-1.13482 -0.482629 -2.98803)
(-0.969295 -0.169219 -3.32842)
(-1.18873 -0.134052 -3.02051)
(-1.18873 -0.134052 -3.02051)
(-0.993628 0.316032 -3.3141)
(-0.993628 0.316032 -3.3141)
(-0.823926 0.547051 -3.10398)
(-0.823926 0.547051 -3.10398)
(-0.823926 0.547051 -3.10398)
(-0.823926 0.547051 -3.10398)
(-0.498764 0.568358 -3.4078)
(-0.180527 0.746711 -3.28858)
(-0.180527 0.746711 -3.28858)
(-0.180527 0.746711 -3.28858)
(0.0810844 0.897761 -3.22773)
(0.0810844 0.897761 -3.22773)
(-0.823926 0.547051 -3.10398)
(-0.571636 1.0741 -3.29356)
(-0.571636 1.0741 -3.29356)
(-0.823926 0.547051 -3.10398)
(-0.180527 0.746711 -3.28858)
(-0.180527 0.746711 -3.28858)
(-0.180527 0.746711 -3.28858)
(-0.180527 0.746711 -3.28858)
(-0.180527 0.746711 -3.28858)
(0.0810844 0.897761 -3.22773)
(0.523994 1.06248 -3.37842)
(0.0810844 0.897761 -3.22773)
(0.0810844 0.897761 -3.22773)
(0.0452632 0.531222 -3.40314)
(0.359939 0.522991 -3.33615)
(0.359939 0.522991 -3.33615)
(0.359939 0.522991 -3.33615)
(0.523799 0.383823 -3.33889)
(0.523799 0.383823 -3.33889)
(0.523799 0.383823 -3.33889)
(0.149594 0.284307 -3.37652)
(0.524068 0.0231155 -3.47665)
(0.524068 0.0231155 -3.47665)
(0.524068 0.0231155 -3.47665)
(0.358362 -0.224105 -3.26834)
(0.358362 -0.224105 -3.26834)
(0.358362 -0.224105 -3.26834)
(0.358362 -0.224105 -3.26834)
(0.237527 -0.310386 -3.39999)
(0.237527 -0.310386 -3.39999)
(0.237527 -0.310386 -3.39999)
(0.237527 -0.310386 -3.39999)
(-0.287035 -0.182952 -3.34204)
(-0.370942 -0.407434 -3.2263)
(-0.370942 -0.407434 -3.2263)
(-0.370942 -0.407434 -3.2263)
(-0.370942 -0.407434 -3.2263)
(-0.705012 -0.592026 -3.23726)
(-0.705012 -0.592026 -3.23726)
(-0.705012 -0.592026 -3.23726)
(-0.705012 -0.592026 -3.23726)
(-1.13482 -0.482629 -2.98803)
(-1.53754 -0.571424 -3.0645)
(-1.13482 -0.482629 -2.98803)
(-0.969295 -0.169219 -3.32842)
(-1.18873 -0.134052 -3.02051)
(-1.18873 -0.134052 -3.02051)
(-0.993628 0.316032 -3.3141)
(-0.993628 0.316032 -3.3141)
(-0.993628 0.316032 -3.3141)
(-0.571636 1.0741 -3.29356)
(-0.571636 1.0741 -3.29356)
(-0.571636 1.0741 -3.29356)
(-0.195654 1.35808 -2.95727)
(0.0453239 1.30064 -3.34932)
(0.0453239 1.30064 -3.34932)
(0.0453239 1.30064 -3.34932)
(0.257125 1.37015 -2.91229)
(0.523994 1.06248 -3.37842)
(0.523994 1.06248 -3.37842)
(0.523994 1.06248 -3.37842)
(0.523994 1.06248 -3.37842)
(0.523994 1.06248 -3.37842)
(0.892177 0.974415 -2.98787)
(0.904872 0.77923 -3.41055)
(0.904872 0.77923 -3.41055)
(0.904872 0.77923 -3.41055)
(1.09098 0.705093 -3.01872)
(0.938072 0.301299 -3.27222)
(0.938072 0.301299 -3.27222)
(0.938072 0.301299 -3.27222)
(0.938072 0.301299 -3.27222)
(0.889213 0.125992 -3.20645)
(0.889213 0.125992 -3.20645)
(0.889213 0.125992 -3.20645)
(1.09332 -0.232356 -3.28833)
(0.762048 -0.345121 -3.41096)
(0.762048 -0.345121 -3.41096)
(0.762048 -0.345121 -3.41096)
(0.762048 -0.345121 -3.41096)
(0.479832 -0.478093 -3.32375)
(0.479832 -0.478093 -3.32375)
(0.479832 -0.478093 -3.32375)
(0.479832 -0.478093 -3.32375)
(0.232542 -0.965906 -3.11141)
(-0.0487523 -0.861407 -3.39705)
(-0.0487523 -0.861407 -3.39705)
(-0.0487523 -0.861407 -3.39705)
(-0.0487523 -0.861407 -3.39705)
(-0.833765 -0.798262 -3.17026)
(-0.833765 -0.798262 -3.17026)
(-0.833765 -0.798262 -3.17026)
(-0.833765 -0.798262 -3.17026)
(-1.1554 -1.00124 -3.00157)
(-1.61077 -0.826772 -2.69199)
(-1.53754 -0.571424 -3.0645)
(-1.53754 -0.571424 -3.0645)
(-1.53754 -0.571424 -3.0645)
(-1.66766 -0.293822 -2.8086)
(-1.45309 0.0510793 -3.25266)
(-1.45309 0.0510793 -3.25266)
(-1.45902 0.371406 -2.88049)
(-1.04965 0.564668 -3.17502)
(-1.04965 0.564668 -3.17502)
(-1.04965 0.564668 -3.17502)
(-0.840761 1.17758 -2.95169)
(0.232542 -0.965906 -3.11141)
(0.232542 -0.965906 -3.11141)
(-0.0487523 -0.861407 -3.39705)
(-0.0487523 -0.861407 -3.39705)
(-0.178609 -1.00913 -3.18129)
(-0.468038 -1.23663 -3.10202)
(-0.468038 -1.23663 -3.10202)
(-0.833765 -0.798262 -3.17026)
(-0.833765 -0.798262 -3.17026)
(-1.1554 -1.00124 -3.00157)
(-1.1554 -1.00124 -3.00157)
(-1.61077 -0.826772 -2.69199)
(-1.61077 -0.826772 -2.69199)
(-1.53754 -0.571424 -3.0645)
(-1.53754 -0.571424 -3.0645)
(-1.66766 -0.293822 -2.8086)
(-1.45309 0.0510793 -3.25266)
(-1.45309 0.0510793 -3.25266)
(-1.45902 0.371406 -2.88049)
(-1.29841 0.61533 -3.07697)
(-1.29841 0.61533 -3.07697)
(-1.04965 0.564668 -3.17502)
(-0.971137 1.08545 -3.05563)
(-0.840761 1.17758 -2.95169)
(-0.840761 1.17758 -2.95169)
(-0.571636 1.0741 -3.29356)
(-0.403533 1.36936 -2.97769)
(-0.195654 1.35808 -2.95727)
(-0.195654 1.35808 -2.95727)
(0.0453239 1.30064 -3.34932)
(0.257125 1.37015 -2.91229)
(0.257125 1.37015 -2.91229)
(0.257125 1.37015 -2.91229)
(0.47758 1.39296 -2.99268)
(0.523994 1.06248 -3.37842)
(0.523994 1.06248 -3.37842)
(0.523994 1.06248 -3.37842)
(0.7932 1.12336 -3.00262)
(0.892177 0.974415 -2.98787)
(0.892177 0.974415 -2.98787)
(0.904872 0.77923 -3.41055)
(0.904872 0.77923 -3.41055)
(1.09098 0.705093 -3.01872)
(1.09098 0.705093 -3.01872)
(1.24343 0.585963 -3.12314)
(0.938072 0.301299 -3.27222)
(0.938072 0.301299 -3.27222)
(1.20118 0.178513 -3.15874)
(1.20118 0.178513 -3.15874)
(0.889213 0.125992 -3.20645)
(0.889213 0.125992 -3.20645)
(1.09332 -0.232356 -3.28833)
(1.09332 -0.232356 -3.28833)
(1.06709 -0.34168 -3.08766)
(0.762048 -0.345121 -3.41096)
(0.762048 -0.345121 -3.41096)
(0.762048 -0.345121 -3.41096)
(0.717715 -0.549276 -3.2422)
(0.717715 -0.549276 -3.2422)
(0.479832 -0.478093 -3.32375)
(0.479832 -0.478093 -3.32375)
(0.407257 -0.913541 -3.25564)
(0.232542 -0.965906 -3.11141)
(0.232542 -0.965906 -3.11141)
(0.232542 -0.965906 -3.11141)
(-0.0487523 -0.861407 -3.39705)
(-0.178609 -1.00913 -3.18129)
(-0.178609 -1.00913 -3.18129)
(-0.468038 -1.23663 -3.10202)
(-0.468038 -1.23663 -3.10202)
(-0.468038 -1.23663 -3.10202)
(-0.833765 -0.798262 -3.17026)
(-1.1554 -1.00124 -3.00157)
(-1.1554 -1.00124 -3.00157)
(-1.1554 -1.00124 -3.00157)
(-1.61077 -0.826772 -2.69199)
(-1.61077 -0.826772 -2.69199)
(-1.61077 -0.826772 -2.69199)
(-1.66766 -0.293822 -2.8086)
(-1.66766 -0.293822 -2.8086)
(-1.66766 -0.293822 -2.8086)
(-1.45309 0.0510793 -3.25266)
(-1.45902 0.371406 -2.88049)
(-1.29841 0.61533 -3.07697)
(-1.29841 0.61533 -3.07697)
(-1.04965 0.564668 -3.17502)
(-0.971137 1.08545 -3.05563)
(-0.840761 1.17758 -2.95169)
(-0.840761 1.17758 -2.95169)
(-0.840761 1.17758 -2.95169)
(-0.571636 1.0741 -3.29356)
(-0.403533 1.36936 -2.97769)
(-0.403533 1.36936 -2.97769)
(-0.195654 1.35808 -2.95727)
(-0.195654 1.35808 -2.95727)
(0.107609 1.94721 -2.73688)
(0.35033 1.79463 -3.02162)
(0.257125 1.37015 -2.91229)
(0.47758 1.39296 -2.99268)
(0.47758 1.39296 -2.99268)
(0.47758 1.39296 -2.99268)
(0.523994 1.06248 -3.37842)
(0.7932 1.12336 -3.00262)
(0.7932 1.12336 -3.00262)
(0.892177 0.974415 -2.98787)
(0.892177 0.974415 -2.98787)
(0.892177 0.974415 -2.98787)
(0.904872 0.77923 -3.41055)
(1.09098 0.705093 -3.01872)
(1.09098 0.705093 -3.01872)
(1.09098 0.705093 -3.01872)
(1.24343 0.585963 -3.12314)
(1.24343 0.585963 -3.12314)
(0.938072 0.301299 -3.27222)
(1.20118 0.178513 -3.15874)
(1.20118 0.178513 -3.15874)
(1.20118 0.178513 -3.15874)
(1.20118 0.178513 -3.15874)
(0.889213 0.125992 -3.20645)
(1.09332 -0.232356 -3.28833)
(1.09332 -0.232356 -3.28833)
(1.06709 -0.34168 -3.08766)
(1.06709 -0.34168 -3.08766)
(1.06709 -0.34168 -3.08766)
(0.762048 -0.345121 -3.41096)
(0.717715 -0.549276 -3.2422)
(0.717715 -0.549276 -3.2422)
(0.717715 -0.549276 -3.2422)
(0.479832 -0.478093 -3.32375)
(0.407257 -0.913541 -3.25564)
(0.407257 -0.913541 -3.25564)
(0.407257 -0.913541 -3.25564)
(1.03011 1.48261 -3.04237)
(1.03011 1.48261 -3.04237)
(1.33926 1.25988 -3.08722)
(1.33926 1.25988 -3.08722)
(1.33926 1.25988 -3.08722)
(1.59874 1.18533 -2.70832)
(1.54699 0.914268 -2.99871)
(1.54699 0.914268 -2.99871)
(1.09098 0.705093 -3.01872)
(1.24343 0.585963 -3.12314)
(1.64699 0.516996 -3.00089)
(1.64699 0.516996 -3.00089)
(1.62766 0.112913 -3.062)
(1.62766 0.112913 -3.062)
(1.62766 0.112913 -3.062)
(1.62766 0.112913 -3.062)
(1.4175 -0.284022 -3.14678)
(1.4175 -0.284022 -3.14678)
(1.4175 -0.284022 -3.14678)
(1.31985 -0.61042 -3.12965)
(1.31985 -0.61042 -3.12965)
(1.31985 -0.61042 -3.12965)
(1.30604 -1.03594 -3.00448)
(1.13285 -0.915258 -3.20161)
(1.13285 -0.915258 -3.20161)
(1.13285 -0.915258 -3.20161)
(1.13605 -1.18815 -2.88682)
(0.675136 -1.11383 -3.12307)
(0.675136 -1.11383 -3.12307)
(0.675136 -1.11383 -3.12307)
(0.772843 -1.43093 -3.04221)
(0.371548 -1.38301 -3.13607)
(0.371548 -1.38301 -3.13607)
(0.371548 -1.38301 -3.13607)
(0.116001 -1.63206 -2.80523)
(-0.0328169 -1.59444 -3.11286)
(-0.0328169 -1.59444 -3.11286)
(-0.0328169 -1.59444 -3.11286)
(-0.468038 -1.23663 -3.10202)
(-0.579652 -1.58317 -2.9601)
(-0.579652 -1.58317 -2.9601)
(-0.579652 -1.58317 -2.9601)
(-1.27864 -1.32715 -2.84978)
(-1.27864 -1.32715 -2.84978)
(-1.27864 -1.32715 -2.84978)
(-1.27864 -1.32715 -2.84978)
(-1.92811 -0.818716 -2.70324)
(-1.92811 -0.818716 -2.70324)
(-1.92811 -0.818716 -2.70324)
(-1.97387 0.058436 -2.98924)
(-1.97387 0.058436 -2.98924)
(-1.97387 0.058436 -2.98924)
(-1.65736 0.772091 -3.09008)
(-1.65736 0.772091 -3.09008)
(-1.68588 1.01874 -2.72192)
(-1.4177 0.96736 -3.04951)
(-1.4177 0.96736 -3.04951)
(-1.18353 1.24128 -3.01774)
(-1.18353 1.24128 -3.01774)
(-0.971137 1.08545 -3.05563)
(-0.863893 1.63409 -3.04293)
(-0.863893 1.63409 -3.04293)
(-0.790525 1.80824 -2.65567)
(-0.435333 1.82119 -3.05243)
(-0.435333 1.82119 -3.05243)
(-0.435333 1.82119 -3.05243)
(0.0195176 1.76428 -3.01326)
(0.0195176 1.76428 -3.01326)
(0.107609 1.94721 -2.73688)
(0.35033 1.79463 -3.02162)
(0.35033 1.79463 -3.02162)
(0.745819 1.73151 -3.05771)
(0.745819 1.73151 -3.05771)
(0.745819 1.73151 -3.05771)
(1.03011 1.48261 -3.04237)
(0.772843 -1.43093 -3.04221)
(0.772843 -1.43093 -3.04221)
(0.64965 -1.58642 -2.80561)
(0.371548 -1.38301 -3.13607)
(0.371548 -1.38301 -3.13607)
(0.310351 -1.65654 -2.92886)
(0.116001 -1.63206 -2.80523)
(-0.0328169 -1.59444 -3.11286)
(-0.0328169 -1.59444 -3.11286)
(-0.213525 -1.71755 -2.98725)
(-0.579652 -1.58317 -2.9601)
(-0.579652 -1.58317 -2.9601)
(-0.776653 -1.717 -2.90522)
(-1.11749 -1.63627 -2.86412)
(-1.27864 -1.32715 -2.84978)
(-1.27864 -1.32715 -2.84978)
(-1.69125 -1.48772 -2.75069)
(-1.94497 -1.14092 -2.56919)
(-1.92811 -0.818716 -2.70324)
(-2.16612 -0.570808 -2.39031)
(-2.16815 -0.18197 -2.59089)
(-1.97387 0.058436 -2.98924)
(-1.97824 0.32566 -2.55401)
(-1.88015 0.612443 -2.67779)
(-1.65736 0.772091 -3.09008)
(-1.68588 1.01874 -2.72192)
(-1.68588 1.01874 -2.72192)
(-1.4177 0.96736 -3.04951)
(-1.47941 1.29272 -2.76354)
(-1.18353 1.24128 -3.01774)
(-1.18353 1.24128 -3.01774)
(-1.23559 1.54102 -2.67172)
(-1.14576 1.66746 -2.68274)
(-0.863893 1.63409 -3.04293)
(-0.790525 1.80824 -2.65567)
(-0.676482 1.96049 -2.72027)
(-0.435333 1.82119 -3.05243)
(-0.353742 1.9715 -2.63891)
(-0.186927 2.05139 -2.64889)
(0.0195176 1.76428 -3.01326)
(0.107609 1.94721 -2.73688)
(0.107609 1.94721 -2.73688)
(0.35033 1.79463 -3.02162)
(0.453512 2.00665 -2.60049)
(0.63955 2.00739 -2.68369)
(0.745819 1.73151 -3.05771)
(0.745819 1.73151 -3.05771)
(0.892989 1.81927 -2.61136)
(1.04642 1.77751 -2.68519)
(1.03011 1.48261 -3.04237)
(1.03011 1.48261 -3.04237)
(1.36678 1.49287 -2.64188)
(1.33926 1.25988 -3.08722)
(1.50939 1.25497 -2.68643)
(1.59874 1.18533 -2.70832)
(1.59874 1.18533 -2.70832)
(1.54699 0.914268 -2.99871)
(1.54699 0.914268 -2.99871)
(1.75234 0.973566 -2.79856)
(1.64699 0.516996 -3.00089)
(1.64699 0.516996 -3.00089)
(1.7764 0.474153 -2.95531)
(1.91729 0.296223 -2.76372)
(1.62766 0.112913 -3.062)
(1.62766 0.112913 -3.062)
(1.76724 -0.0914558 -2.99301)
(1.79959 -0.183439 -2.83044)
(1.79959 -0.183439 -2.83044)
(1.4175 -0.284022 -3.14678)
(1.73981 -0.405617 -2.81338)
(1.67058 -0.586216 -2.89787)
(1.31985 -0.61042 -3.12965)
(1.31985 -0.61042 -3.12965)
(1.30604 -1.03594 -3.00448)
(1.30604 -1.03594 -3.00448)
(1.13285 -0.915258 -3.20161)
(1.13605 -1.18815 -2.88682)
(1.11959 -1.22377 -2.99001)
(1.11959 -1.22377 -2.99001)
(0.675136 -1.11383 -3.12307)
(0.772843 -1.43093 -3.04221)
(0.64965 -1.58642 -2.80561)
(0.64965 -1.58642 -2.80561)
(0.310351 -1.65654 -2.92886)
(0.310351 -1.65654 -2.92886)
(0.116001 -1.63206 -2.80523)
(0.116001 -1.63206 -2.80523)
(-0.213525 -1.71755 -2.98725)
(-0.213525 -1.71755 -2.98725)
(-0.444066 -1.73306 -2.74796)
(-0.579652 -1.58317 -2.9601)
(-0.776653 -1.717 -2.90522)
(-1.11749 -1.63627 -2.86412)
(-1.11749 -1.63627 -2.86412)
(-1.69125 -1.48772 -2.75069)
(-1.69125 -1.48772 -2.75069)
(-1.94497 -1.14092 -2.56919)
(-1.94497 -1.14092 -2.56919)
(-2.16612 -0.570808 -2.39031)
(-2.16815 -0.18197 -2.59089)
(-2.16815 -0.18197 -2.59089)
(-1.97824 0.32566 -2.55401)
(-1.88015 0.612443 -2.67779)
(-1.88015 0.612443 -2.67779)
(-1.68588 1.01874 -2.72192)
(-1.68588 1.01874 -2.72192)
(-1.47941 1.29272 -2.76354)
(-1.47941 1.29272 -2.76354)
(-1.47941 1.29272 -2.76354)
(-1.23559 1.54102 -2.67172)
(-1.23559 1.54102 -2.67172)
(-1.14576 1.66746 -2.68274)
(-0.790525 1.80824 -2.65567)
(-0.790525 1.80824 -2.65567)
(-0.676482 1.96049 -2.72027)
(-0.353742 1.9715 -2.63891)
(-0.353742 1.9715 -2.63891)
(-0.186927 2.05139 -2.64889)
(-0.186927 2.05139 -2.64889)
(0.0572042 2.30795 -2.52441)
(0.0572042 2.30795 -2.52441)
(0.453512 2.00665 -2.60049)
(0.453512 2.00665 -2.60049)
(0.63955 2.00739 -2.68369)
(0.63955 2.00739 -2.68369)
(0.745819 1.73151 -3.05771)
(0.892989 1.81927 -2.61136)
(1.04642 1.77751 -2.68519)
(1.04642 1.77751 -2.68519)
(1.24882 1.59564 -2.6205)
(1.36678 1.49287 -2.64188)
(1.36678 1.49287 -2.64188)
(1.50939 1.25497 -2.68643)
(1.50939 1.25497 -2.68643)
(1.59874 1.18533 -2.70832)
(1.92122 1.39407 -2.45882)
(1.75234 0.973566 -2.79856)
(1.75234 0.973566 -2.79856)
(1.75234 0.973566 -2.79856)
(1.89848 0.813995 -2.81741)
(1.64699 0.516996 -3.00089)
(1.7764 0.474153 -2.95531)
(1.7764 0.474153 -2.95531)
(1.91729 0.296223 -2.76372)
(1.62766 0.112913 -3.062)
(1.76724 -0.0914558 -2.99301)
(1.76724 -0.0914558 -2.99301)
(1.79959 -0.183439 -2.83044)
(2.16167 -0.353713 -2.70255)
(1.73981 -0.405617 -2.81338)
(1.73981 -0.405617 -2.81338)
(1.67058 -0.586216 -2.89787)
(1.67058 -0.586216 -2.89787)
(1.53935 -0.821703 -2.92162)
(1.53935 -0.821703 -2.92162)
(1.30604 -1.03594 -3.00448)
(1.45272 -1.43395 -2.71122)
(1.13605 -1.18815 -2.88682)
(1.11959 -1.22377 -2.99001)
(1.11959 -1.22377 -2.99001)
(0.675136 -1.11383 -3.12307)
(0.772843 -1.43093 -3.04221)
(0.806 -2.07367 -2.27551)
(0.762407 -1.88918 -2.78558)
(0.453597 -1.97127 -2.68116)
(0.453597 -1.97127 -2.68116)
(0.161892 -2.18419 -2.72627)
(0.161892 -2.18419 -2.72627)
(-0.186419 -2.23056 -2.34723)
(-0.319681 -2.16451 -2.63516)
(-0.37063 -2.30556 -2.40789)
(-0.535512 -2.15988 -2.68961)
(-0.931901 -2.21306 -2.37965)
(-0.785531 -1.95566 -2.55421)
(-1.30083 -2.0737 -2.15052)
(-1.30399 -1.94984 -2.58332)
(-1.68335 -1.60916 -2.35527)
(-1.68335 -1.60916 -2.35527)
(-2.10214 -1.12147 -2.32233)
(-2.10214 -1.12147 -2.32233)
(-2.39341 -0.566789 -2.46176)
(-2.53864 -0.3886 -1.98393)
(-2.33762 0.122754 -2.64323)
(-2.42435 0.292981 -2.21435)
(-2.27249 0.46069 -2.25001)
(-2.36964 0.832643 -2.18346)
(-2.11305 0.824292 -2.4548)
(-2.197 1.10755 -2.1374)
(-1.95676 1.23552 -2.55067)
(-1.98412 1.40739 -2.18247)
(-1.78016 1.4553 -2.54317)
(-1.82136 1.77609 -2.22674)
(-1.52596 1.68677 -2.52525)
(-1.6365 1.89351 -2.22156)
(-1.22235 1.92968 -2.4408)
(-1.24284 2.18009 -2.14055)
(-1.04904 2.10336 -2.55323)
(-0.836703 2.33806 -2.16948)
(-0.746894 2.20036 -2.45635)
(-0.488243 2.24895 -2.46703)
(-0.409486 2.44362 -2.1284)
(-0.181284 2.38147 -2.46242)
(-0.0614906 2.46667 -2.12161)
(0.0572042 2.30795 -2.52441)
(0.154468 2.45093 -2.07479)
(0.425835 2.32836 -2.46686)
(0.425835 2.32836 -2.46686)
(0.691182 2.27788 -2.44438)
(0.691182 2.27788 -2.44438)
(0.900566 2.36035 -2.12315)
(1.02447 2.18189 -2.45085)
(1.14597 2.28596 -2.03068)
(1.25081 1.99194 -2.45832)
(1.3477 2.18332 -2.12438)
(1.43105 1.93117 -2.53099)
(1.64493 1.97896 -2.04105)
(1.62864 1.80563 -2.49629)
(1.71451 1.58613 -2.46433)
(1.94744 1.64072 -2.06556)
(1.92122 1.39407 -2.45882)
(1.92122 1.39407 -2.45882)
(2.12683 1.26149 -2.09893)
(2.09234 1.11796 -2.51025)
(2.29986 1.10856 -2.08293)
(2.13723 0.872767 -2.51596)
(2.32471 0.699263 -2.17705)
(2.28901 0.536833 -2.51913)
(2.28901 0.536833 -2.51913)
(2.34042 0.362673 -2.16223)
(2.23106 0.230126 -2.62905)
(2.4279 0.00621904 -2.31039)
(2.23625 -0.148673 -2.49954)
(2.23625 -0.148673 -2.49954)
(2.42802 -0.393443 -2.29149)
(2.16167 -0.353713 -2.70255)
(2.2837 -0.509614 -2.23257)
(2.13389 -0.61762 -2.68919)
(2.04372 -0.822192 -2.72643)
(2.04372 -0.822192 -2.72643)
(1.89194 -0.96897 -2.68869)
(2.00632 -1.26641 -2.30006)
(1.83062 -1.16493 -2.73505)
(1.75782 -1.59432 -2.59364)
(1.68161 -1.47964 -2.30881)
(1.45272 -1.43395 -2.71122)
(1.4496 -1.79672 -2.49825)
(1.2185 -1.55082 -2.75631)
(1.22819 -1.91861 -2.27324)
(1.01167 -1.91711 -2.75901)
(1.01167 -1.91711 -2.75901)
(0.762407 -1.88918 -2.78558)
(0.459682 -2.38092 -2.53333)
(0.290949 -2.34874 -2.36664)
(0.213137 -2.31576 -2.31531)
(-0.1066 -2.27656 -2.36367)
(-0.1066 -2.27656 -2.36367)
(-0.288164 -2.44357 -1.82115)
(-0.37063 -2.30556 -2.40789)
(-0.483803 -2.324 -2.2221)
(-0.483803 -2.324 -2.2221)
(-0.931901 -2.21306 -2.37965)
(-1.24568 -2.12971 -2.25324)
(-1.30083 -2.0737 -2.15052)
(-1.30399 -1.94984 -2.58332)
(-1.65589 -1.82056 -2.23334)
(-1.9601 -1.59974 -1.994)
(-2.08865 -1.39693 -1.91072)
(-2.38095 -0.953805 -2.12818)
(-2.38095 -0.953805 -2.12818)
(-2.53864 -0.3886 -1.98393)
(-2.55094 -0.149568 -2.07706)
(-2.42435 0.292981 -2.21435)
(-2.42435 0.292981 -2.21435)
(-2.46345 0.494405 -2.14928)
(-2.36964 0.832643 -2.18346)
(-2.19687 1.01731 -2.18478)
(-2.197 1.10755 -2.1374)
(-2.197 1.10755 -2.1374)
(-1.98412 1.40739 -2.18247)
(-1.92262 1.60732 -2.20256)
(-1.82136 1.77609 -2.22674)
(-1.52596 1.68677 -2.52525)
(-1.6365 1.89351 -2.22156)
(-1.39974 2.04827 -2.18394)
(-1.24284 2.18009 -2.14055)
(-1.09437 2.30926 -2.18603)
(-1.09437 2.30926 -2.18603)
(-0.836703 2.33806 -2.16948)
(-0.608574 2.54472 -1.64562)
(-0.409486 2.44362 -2.1284)
(-0.409486 2.44362 -2.1284)
(-0.354758 2.50607 -2.09051)
(-0.0614906 2.46667 -2.12161)
(0.154468 2.45093 -2.07479)
(0.111498 2.54571 -2.16752)
(0.111498 2.54571 -2.16752)
(0.502995 2.43893 -2.01673)
(0.593953 2.53844 -2.03134)
(0.804668 2.33418 -2.09296)
(0.900566 2.36035 -2.12315)
(0.900566 2.36035 -2.12315)
(1.14597 2.28596 -2.03068)
(1.21219 2.27708 -2.04464)
(1.3477 2.18332 -2.12438)
(1.3477 2.18332 -2.12438)
(1.55597 1.98224 -2.04067)
(1.64493 1.97896 -2.04105)
(1.79999 1.75501 -2.14895)
(1.79999 1.75501 -2.14895)
(1.94744 1.64072 -2.06556)
(1.97254 1.56897 -2.03176)
(2.09869 1.32142 -2.16154)
(2.12683 1.26149 -2.09893)
(2.12683 1.26149 -2.09893)
(2.29986 1.10856 -2.08293)
(2.21517 1.03004 -2.06901)
(2.32471 0.699263 -2.17705)
(2.27369 0.621861 -2.16161)
(2.27369 0.621861 -2.16161)
(2.44047 0.458575 -2.15169)
(2.34042 0.362673 -2.16223)
(2.23106 0.230126 -2.62905)
(2.4279 0.00621904 -2.31039)
(2.34725 -0.048303 -2.16067)
(2.35988 -0.158073 -2.25716)
(2.42802 -0.393443 -2.29149)
(2.16167 -0.353713 -2.70255)
(2.2837 -0.509614 -2.23257)
(2.22216 -0.859815 -2.25951)
(2.20176 -0.865317 -2.25368)
(2.10194 -1.10975 -2.37617)
(2.10194 -1.10975 -2.37617)
(2.00632 -1.26641 -2.30006)
(1.95036 -1.27429 -2.27404)
(1.9294 -1.62913 -1.87455)
(1.75782 -1.59432 -2.59364)
(1.68161 -1.47964 -2.30881)
(1.53091 -1.56612 -2.32013)
(1.4496 -1.79672 -2.49825)
(1.2185 -1.55082 -2.75631)
(1.22819 -1.91861 -2.27324)
(1.0994 -1.87539 -2.39516)
(0.925775 -2.18914 -2.32776)
(0.806 -2.07367 -2.27551)
)
;
    }
    outlet
    {
        type            zeroGradient;
    }
    walls
    {
        type            noSlip;
    }
}


// ************************************************************************* //
