# Selection   : patch(inlet)
# Faces       : 376
# Area        : 3.835388e-01
# Time        	areaAverage(p)	areaAverage(U)
0             	0.000000e+00	(0.000000e+00 2.700000e+00 0.000000e+00)
1             	2.290522e+03	(0.000000e+00 0.000000e+00 -2.027337e+00)
2             	2.266177e+03	(0.000000e+00 0.000000e+00 -2.027337e+00)
3             	1.894825e+03	(0.000000e+00 0.000000e+00 -2.027337e+00)
4             	1.653268e+03	(0.000000e+00 0.000000e+00 -2.027337e+00)
5             	1.395639e+03	(0.000000e+00 0.000000e+00 -2.027337e+00)
6             	9.715373e+02	(0.000000e+00 0.000000e+00 -2.027337e+00)
7             	3.859818e+02	(0.000000e+00 0.000000e+00 -2.027337e+00)
8             	2.492977e+02	(0.000000e+00 0.000000e+00 -2.027337e+00)
9             	-1.088263e+02	(0.000000e+00 0.000000e+00 -2.027337e+00)
10            	-2.999660e+02	(0.000000e+00 0.000000e+00 -2.027337e+00)
11            	-2.813322e+02	(0.000000e+00 0.000000e+00 -2.027337e+00)
12            	-5.071389e+02	(0.000000e+00 0.000000e+00 -2.027337e+00)
13            	-5.659063e+02	(0.000000e+00 0.000000e+00 -2.027337e+00)
14            	-5.244635e+02	(0.000000e+00 0.000000e+00 -2.027337e+00)
15            	-4.994758e+02	(0.000000e+00 0.000000e+00 -2.027337e+00)
16            	-4.617019e+02	(0.000000e+00 0.000000e+00 -2.027337e+00)
17            	-2.597642e+02	(0.000000e+00 0.000000e+00 -2.027337e+00)
18            	-2.305787e+02	(0.000000e+00 0.000000e+00 -2.027337e+00)
19            	-2.479348e+02	(0.000000e+00 0.000000e+00 -2.027337e+00)
20            	-1.046456e+02	(0.000000e+00 0.000000e+00 -2.027337e+00)
21            	9.276459e+01	(0.000000e+00 0.000000e+00 -2.027337e+00)
22            	1.433389e+02	(0.000000e+00 0.000000e+00 -2.027337e+00)
23            	1.051945e+02	(0.000000e+00 0.000000e+00 -2.027337e+00)
24            	1.341974e+02	(0.000000e+00 0.000000e+00 -2.027337e+00)
25            	8.524239e+01	(0.000000e+00 0.000000e+00 -2.027337e+00)
26            	4.981439e+01	(0.000000e+00 0.000000e+00 -2.027337e+00)
27            	5.229007e+01	(0.000000e+00 0.000000e+00 -2.027337e+00)
28            	1.461774e+01	(0.000000e+00 0.000000e+00 -2.027337e+00)
29            	5.157820e+00	(0.000000e+00 0.000000e+00 -2.027337e+00)
30            	8.782754e+00	(0.000000e+00 0.000000e+00 -2.027337e+00)
31            	1.831377e+01	(0.000000e+00 0.000000e+00 -2.027337e+00)
32            	2.585418e+01	(0.000000e+00 0.000000e+00 -2.027337e+00)
33            	2.438229e+01	(0.000000e+00 0.000000e+00 -2.027337e+00)
34            	2.448945e+01	(0.000000e+00 0.000000e+00 -2.027337e+00)
35            	2.536646e+01	(0.000000e+00 0.000000e+00 -2.027337e+00)
36            	2.118888e+01	(0.000000e+00 0.000000e+00 -2.027337e+00)
37            	2.798383e+01	(0.000000e+00 0.000000e+00 -2.027337e+00)
38            	2.016306e+01	(0.000000e+00 0.000000e+00 -2.027337e+00)
39            	-1.500850e+01	(0.000000e+00 0.000000e+00 -2.027337e+00)
40            	-1.487473e+01	(0.000000e+00 0.000000e+00 -2.027337e+00)
41            	-2.253557e+01	(0.000000e+00 0.000000e+00 -2.027337e+00)
42            	-2.584726e+01	(0.000000e+00 0.000000e+00 -2.027337e+00)
43            	1.971936e+01	(0.000000e+00 0.000000e+00 -2.027337e+00)
44            	1.678000e+01	(0.000000e+00 0.000000e+00 -2.027337e+00)
45            	2.068782e+01	(0.000000e+00 0.000000e+00 -2.027337e+00)
46            	2.232645e+01	(0.000000e+00 0.000000e+00 -2.027337e+00)
47            	2.434047e+01	(0.000000e+00 0.000000e+00 -2.027337e+00)
48            	2.887557e+01	(0.000000e+00 0.000000e+00 -2.027337e+00)
49            	3.066554e+01	(0.000000e+00 0.000000e+00 -2.027337e+00)
50            	3.355453e+01	(0.000000e+00 0.000000e+00 -2.027337e+00)
51            	3.545266e+01	(0.000000e+00 0.000000e+00 -2.027337e+00)
52            	3.242807e+01	(0.000000e+00 0.000000e+00 -2.027337e+00)
53            	2.364772e+01	(0.000000e+00 0.000000e+00 -2.027337e+00)
54            	1.685406e+01	(0.000000e+00 0.000000e+00 -2.027337e+00)
55            	1.158878e+01	(0.000000e+00 0.000000e+00 -2.027337e+00)
56            	7.125514e+00	(0.000000e+00 0.000000e+00 -2.027337e+00)
57            	3.206516e+00	(0.000000e+00 0.000000e+00 -2.027337e+00)
58            	4.754367e-01	(0.000000e+00 0.000000e+00 -2.027337e+00)
59            	-6.992711e-02	(0.000000e+00 0.000000e+00 -2.027337e+00)
60            	7.504189e-01	(0.000000e+00 0.000000e+00 -2.027337e+00)
61            	8.783133e-01	(0.000000e+00 0.000000e+00 -2.027337e+00)
62            	3.880726e+00	(0.000000e+00 0.000000e+00 -2.027337e+00)
63            	6.733452e+00	(0.000000e+00 0.000000e+00 -2.027337e+00)
64            	1.325745e+01	(0.000000e+00 0.000000e+00 -2.027337e+00)
65            	1.612576e+01	(0.000000e+00 0.000000e+00 -2.027337e+00)
66            	1.891547e+01	(0.000000e+00 0.000000e+00 -2.027337e+00)
67            	2.146596e+01	(0.000000e+00 0.000000e+00 -2.027337e+00)
68            	2.355120e+01	(0.000000e+00 0.000000e+00 -2.027337e+00)
69            	2.500753e+01	(0.000000e+00 0.000000e+00 -2.027337e+00)
70            	2.595342e+01	(0.000000e+00 0.000000e+00 -2.027337e+00)
71            	2.662005e+01	(0.000000e+00 0.000000e+00 -2.027337e+00)
72            	2.701437e+01	(0.000000e+00 0.000000e+00 -2.027337e+00)
73            	2.693895e+01	(0.000000e+00 0.000000e+00 -2.027337e+00)
74            	2.619899e+01	(0.000000e+00 0.000000e+00 -2.027337e+00)
75            	2.207841e+01	(0.000000e+00 0.000000e+00 -2.027337e+00)
76            	1.714730e+01	(0.000000e+00 0.000000e+00 -2.027337e+00)
77            	1.678020e+01	(0.000000e+00 0.000000e+00 -2.027337e+00)
78            	1.375433e+01	(0.000000e+00 0.000000e+00 -2.027337e+00)
79            	7.426019e+00	(0.000000e+00 0.000000e+00 -2.027337e+00)
80            	5.212595e+00	(0.000000e+00 0.000000e+00 -2.027337e+00)
81            	5.560941e+00	(0.000000e+00 0.000000e+00 -2.027337e+00)
82            	6.557954e+00	(0.000000e+00 0.000000e+00 -2.027337e+00)
83            	1.316215e+01	(0.000000e+00 0.000000e+00 -2.027337e+00)
84            	1.581680e+01	(0.000000e+00 0.000000e+00 -2.027337e+00)
85            	1.572288e+01	(0.000000e+00 0.000000e+00 -2.027337e+00)
86            	1.633427e+01	(0.000000e+00 0.000000e+00 -2.027337e+00)
87            	1.637895e+01	(0.000000e+00 0.000000e+00 -2.027337e+00)
88            	1.644081e+01	(0.000000e+00 0.000000e+00 -2.027337e+00)
89            	1.647573e+01	(0.000000e+00 0.000000e+00 -2.027337e+00)
90            	1.522556e+01	(0.000000e+00 0.000000e+00 -2.027337e+00)
91            	1.468329e+01	(0.000000e+00 0.000000e+00 -2.027337e+00)
92            	1.492272e+01	(0.000000e+00 0.000000e+00 -2.027337e+00)
93            	1.426918e+01	(0.000000e+00 0.000000e+00 -2.027337e+00)
94            	1.371777e+01	(0.000000e+00 0.000000e+00 -2.027337e+00)
95            	1.387747e+01	(0.000000e+00 0.000000e+00 -2.027337e+00)
96            	1.297744e+01	(0.000000e+00 0.000000e+00 -2.027337e+00)
97            	1.239776e+01	(0.000000e+00 0.000000e+00 -2.027337e+00)
98            	1.258793e+01	(0.000000e+00 0.000000e+00 -2.027337e+00)
99            	1.176530e+01	(0.000000e+00 0.000000e+00 -2.027337e+00)
100           	1.148347e+01	(0.000000e+00 0.000000e+00 -2.027337e+00)
101           	1.158109e+01	(0.000000e+00 0.000000e+00 -2.027337e+00)
102           	1.114102e+01	(0.000000e+00 0.000000e+00 -2.027337e+00)
103           	1.095308e+01	(0.000000e+00 0.000000e+00 -2.027337e+00)
104           	1.095535e+01	(0.000000e+00 0.000000e+00 -2.027337e+00)
105           	1.094965e+01	(0.000000e+00 0.000000e+00 -2.027337e+00)
106           	1.047178e+01	(0.000000e+00 0.000000e+00 -2.027337e+00)
107           	1.048149e+01	(0.000000e+00 0.000000e+00 -2.027337e+00)
108           	1.050177e+01	(0.000000e+00 0.000000e+00 -2.027337e+00)
109           	1.054303e+01	(0.000000e+00 0.000000e+00 -2.027337e+00)
110           	1.127594e+01	(0.000000e+00 0.000000e+00 -2.027337e+00)
111           	1.158106e+01	(0.000000e+00 0.000000e+00 -2.027337e+00)
112           	1.160598e+01	(0.000000e+00 0.000000e+00 -2.027337e+00)
113           	1.211004e+01	(0.000000e+00 0.000000e+00 -2.027337e+00)
114           	1.192581e+01	(0.000000e+00 0.000000e+00 -2.027337e+00)
115           	1.194223e+01	(0.000000e+00 0.000000e+00 -2.027337e+00)
116           	1.188768e+01	(0.000000e+00 0.000000e+00 -2.027337e+00)
117           	1.179547e+01	(0.000000e+00 0.000000e+00 -2.027337e+00)
118           	1.164909e+01	(0.000000e+00 0.000000e+00 -2.027337e+00)
119           	1.128371e+01	(0.000000e+00 0.000000e+00 -2.027337e+00)
120           	1.126026e+01	(0.000000e+00 0.000000e+00 -2.027337e+00)
121           	1.125312e+01	(0.000000e+00 0.000000e+00 -2.027337e+00)
122           	1.124247e+01	(0.000000e+00 0.000000e+00 -2.027337e+00)
123           	1.105796e+01	(0.000000e+00 0.000000e+00 -2.027337e+00)
124           	1.072464e+01	(0.000000e+00 0.000000e+00 -2.027337e+00)
125           	1.061789e+01	(0.000000e+00 0.000000e+00 -2.027337e+00)
126           	1.062795e+01	(0.000000e+00 0.000000e+00 -2.027337e+00)
127           	9.945479e+00	(0.000000e+00 0.000000e+00 -2.027337e+00)
128           	9.947373e+00	(0.000000e+00 0.000000e+00 -2.027337e+00)
129           	9.843222e+00	(0.000000e+00 0.000000e+00 -2.027337e+00)
130           	9.741118e+00	(0.000000e+00 0.000000e+00 -2.027337e+00)
131           	9.718791e+00	(0.000000e+00 0.000000e+00 -2.027337e+00)
132           	9.682674e+00	(0.000000e+00 0.000000e+00 -2.027337e+00)
133           	1.013287e+01	(0.000000e+00 0.000000e+00 -2.027337e+00)
134           	1.019739e+01	(0.000000e+00 0.000000e+00 -2.027337e+00)
135           	1.023789e+01	(0.000000e+00 0.000000e+00 -2.027337e+00)
136           	1.026259e+01	(0.000000e+00 0.000000e+00 -2.027337e+00)
137           	1.027565e+01	(0.000000e+00 0.000000e+00 -2.027337e+00)
138           	1.017373e+01	(0.000000e+00 0.000000e+00 -2.027337e+00)
139           	1.017667e+01	(0.000000e+00 0.000000e+00 -2.027337e+00)
140           	1.004501e+01	(0.000000e+00 0.000000e+00 -2.027337e+00)
141           	9.725520e+00	(0.000000e+00 0.000000e+00 -2.027337e+00)
142           	9.736563e+00	(0.000000e+00 0.000000e+00 -2.027337e+00)
143           	9.747819e+00	(0.000000e+00 0.000000e+00 -2.027337e+00)
144           	9.596292e+00	(0.000000e+00 0.000000e+00 -2.027337e+00)
145           	9.597220e+00	(0.000000e+00 0.000000e+00 -2.027337e+00)
146           	9.596473e+00	(0.000000e+00 0.000000e+00 -2.027337e+00)
147           	9.563346e+00	(0.000000e+00 0.000000e+00 -2.027337e+00)
148           	9.449784e+00	(0.000000e+00 0.000000e+00 -2.027337e+00)
149           	9.335675e+00	(0.000000e+00 0.000000e+00 -2.027337e+00)
150           	9.172458e+00	(0.000000e+00 0.000000e+00 -2.027337e+00)
151           	9.179322e+00	(0.000000e+00 0.000000e+00 -2.027337e+00)
152           	9.187118e+00	(0.000000e+00 0.000000e+00 -2.027337e+00)
153           	9.169012e+00	(0.000000e+00 0.000000e+00 -2.027337e+00)
154           	9.157345e+00	(0.000000e+00 0.000000e+00 -2.027337e+00)
155           	9.142899e+00	(0.000000e+00 0.000000e+00 -2.027337e+00)
156           	9.108354e+00	(0.000000e+00 0.000000e+00 -2.027337e+00)
157           	9.062377e+00	(0.000000e+00 0.000000e+00 -2.027337e+00)
158           	9.013264e+00	(0.000000e+00 0.000000e+00 -2.027337e+00)
159           	8.962735e+00	(0.000000e+00 0.000000e+00 -2.027337e+00)
160           	8.930155e+00	(0.000000e+00 0.000000e+00 -2.027337e+00)
161           	8.893501e+00	(0.000000e+00 0.000000e+00 -2.027337e+00)
162           	8.862961e+00	(0.000000e+00 0.000000e+00 -2.027337e+00)
163           	8.840466e+00	(0.000000e+00 0.000000e+00 -2.027337e+00)
164           	8.822601e+00	(0.000000e+00 0.000000e+00 -2.027337e+00)
165           	8.783691e+00	(0.000000e+00 0.000000e+00 -2.027337e+00)
166           	8.777516e+00	(0.000000e+00 0.000000e+00 -2.027337e+00)
167           	8.771099e+00	(0.000000e+00 0.000000e+00 -2.027337e+00)
168           	8.756703e+00	(0.000000e+00 0.000000e+00 -2.027337e+00)
169           	8.757701e+00	(0.000000e+00 0.000000e+00 -2.027337e+00)
170           	8.758332e+00	(0.000000e+00 0.000000e+00 -2.027337e+00)
171           	8.753783e+00	(0.000000e+00 0.000000e+00 -2.027337e+00)
172           	8.718303e+00	(0.000000e+00 0.000000e+00 -2.027337e+00)
173           	8.720102e+00	(0.000000e+00 0.000000e+00 -2.027337e+00)
174           	8.717612e+00	(0.000000e+00 0.000000e+00 -2.027337e+00)
175           	8.699202e+00	(0.000000e+00 0.000000e+00 -2.027337e+00)
176           	8.671994e+00	(0.000000e+00 0.000000e+00 -2.027337e+00)
177           	8.644018e+00	(0.000000e+00 0.000000e+00 -2.027337e+00)
178           	8.618619e+00	(0.000000e+00 0.000000e+00 -2.027337e+00)
179           	8.595562e+00	(0.000000e+00 0.000000e+00 -2.027337e+00)
180           	8.574018e+00	(0.000000e+00 0.000000e+00 -2.027337e+00)
181           	8.554235e+00	(0.000000e+00 0.000000e+00 -2.027337e+00)
182           	8.535198e+00	(0.000000e+00 0.000000e+00 -2.027337e+00)
183           	8.516750e+00	(0.000000e+00 0.000000e+00 -2.027337e+00)
184           	8.498857e+00	(0.000000e+00 0.000000e+00 -2.027337e+00)
185           	8.481418e+00	(0.000000e+00 0.000000e+00 -2.027337e+00)
186           	8.464027e+00	(0.000000e+00 0.000000e+00 -2.027337e+00)
187           	8.447812e+00	(0.000000e+00 0.000000e+00 -2.027337e+00)
188           	8.432170e+00	(0.000000e+00 0.000000e+00 -2.027337e+00)
189           	8.349230e+00	(0.000000e+00 0.000000e+00 -2.027337e+00)
190           	8.373239e+00	(0.000000e+00 0.000000e+00 -2.027337e+00)
191           	8.384491e+00	(0.000000e+00 0.000000e+00 -2.027337e+00)
192           	8.389901e+00	(0.000000e+00 0.000000e+00 -2.027337e+00)
193           	8.384419e+00	(0.000000e+00 0.000000e+00 -2.027337e+00)
194           	8.358920e+00	(0.000000e+00 0.000000e+00 -2.027337e+00)
195           	8.351029e+00	(0.000000e+00 0.000000e+00 -2.027337e+00)
196           	8.342865e+00	(0.000000e+00 0.000000e+00 -2.027337e+00)
197           	8.330919e+00	(0.000000e+00 0.000000e+00 -2.027337e+00)
198           	8.317415e+00	(0.000000e+00 0.000000e+00 -2.027337e+00)
199           	8.304064e+00	(0.000000e+00 0.000000e+00 -2.027337e+00)
200           	8.291675e+00	(0.000000e+00 0.000000e+00 -2.027337e+00)
201           	8.280370e+00	(0.000000e+00 0.000000e+00 -2.027337e+00)
202           	8.269798e+00	(0.000000e+00 0.000000e+00 -2.027337e+00)
203           	8.259400e+00	(0.000000e+00 0.000000e+00 -2.027337e+00)
204           	8.249414e+00	(0.000000e+00 0.000000e+00 -2.027337e+00)
205           	8.239586e+00	(0.000000e+00 0.000000e+00 -2.027337e+00)
206           	8.228787e+00	(0.000000e+00 0.000000e+00 -2.027337e+00)
207           	8.192490e+00	(0.000000e+00 0.000000e+00 -2.027337e+00)
208           	8.186719e+00	(0.000000e+00 0.000000e+00 -2.027337e+00)
209           	8.178149e+00	(0.000000e+00 0.000000e+00 -2.027337e+00)
210           	8.157174e+00	(0.000000e+00 0.000000e+00 -2.027337e+00)
211           	8.148831e+00	(0.000000e+00 0.000000e+00 -2.027337e+00)
212           	8.143407e+00	(0.000000e+00 0.000000e+00 -2.027337e+00)
213           	8.142565e+00	(0.000000e+00 0.000000e+00 -2.027337e+00)
214           	8.142099e+00	(0.000000e+00 0.000000e+00 -2.027337e+00)
215           	8.130809e+00	(0.000000e+00 0.000000e+00 -2.027337e+00)
216           	8.108578e+00	(0.000000e+00 0.000000e+00 -2.027337e+00)
217           	8.089194e+00	(0.000000e+00 0.000000e+00 -2.027337e+00)
218           	8.126107e+00	(0.000000e+00 0.000000e+00 -2.027337e+00)
219           	8.103800e+00	(0.000000e+00 0.000000e+00 -2.027337e+00)
220           	8.148542e+00	(0.000000e+00 0.000000e+00 -2.027337e+00)
221           	8.122229e+00	(0.000000e+00 0.000000e+00 -2.027337e+00)
222           	8.125299e+00	(0.000000e+00 0.000000e+00 -2.027337e+00)
223           	8.106528e+00	(0.000000e+00 0.000000e+00 -2.027337e+00)
224           	8.087205e+00	(0.000000e+00 0.000000e+00 -2.027337e+00)
225           	8.072066e+00	(0.000000e+00 0.000000e+00 -2.027337e+00)
226           	8.061547e+00	(0.000000e+00 0.000000e+00 -2.027337e+00)
227           	8.052879e+00	(0.000000e+00 0.000000e+00 -2.027337e+00)
228           	8.043860e+00	(0.000000e+00 0.000000e+00 -2.027337e+00)
229           	8.030909e+00	(0.000000e+00 0.000000e+00 -2.027337e+00)
230           	8.015002e+00	(0.000000e+00 0.000000e+00 -2.027337e+00)
231           	7.997587e+00	(0.000000e+00 0.000000e+00 -2.027337e+00)
232           	7.981323e+00	(0.000000e+00 0.000000e+00 -2.027337e+00)
233           	7.964174e+00	(0.000000e+00 0.000000e+00 -2.027337e+00)
234           	7.943712e+00	(0.000000e+00 0.000000e+00 -2.027337e+00)
235           	7.923613e+00	(0.000000e+00 0.000000e+00 -2.027337e+00)
236           	7.905270e+00	(0.000000e+00 0.000000e+00 -2.027337e+00)
237           	7.887503e+00	(0.000000e+00 0.000000e+00 -2.027337e+00)
238           	7.869601e+00	(0.000000e+00 0.000000e+00 -2.027337e+00)
239           	7.851433e+00	(0.000000e+00 0.000000e+00 -2.027337e+00)
240           	7.833255e+00	(0.000000e+00 0.000000e+00 -2.027337e+00)
241           	7.815177e+00	(0.000000e+00 0.000000e+00 -2.027337e+00)
242           	7.797196e+00	(0.000000e+00 0.000000e+00 -2.027337e+00)
243           	7.778674e+00	(0.000000e+00 0.000000e+00 -2.027337e+00)
244           	7.760036e+00	(0.000000e+00 0.000000e+00 -2.027337e+00)
245           	7.741771e+00	(0.000000e+00 0.000000e+00 -2.027337e+00)
246           	7.723912e+00	(0.000000e+00 0.000000e+00 -2.027337e+00)
247           	7.706052e+00	(0.000000e+00 0.000000e+00 -2.027337e+00)
248           	7.687927e+00	(0.000000e+00 0.000000e+00 -2.027337e+00)
249           	7.669499e+00	(0.000000e+00 0.000000e+00 -2.027337e+00)
250           	7.650796e+00	(0.000000e+00 0.000000e+00 -2.027337e+00)
251           	7.632319e+00	(0.000000e+00 0.000000e+00 -2.027337e+00)
252           	7.613909e+00	(0.000000e+00 0.000000e+00 -2.027337e+00)
253           	7.595362e+00	(0.000000e+00 0.000000e+00 -2.027337e+00)
254           	7.576375e+00	(0.000000e+00 0.000000e+00 -2.027337e+00)
255           	7.557297e+00	(0.000000e+00 0.000000e+00 -2.027337e+00)
256           	7.538218e+00	(0.000000e+00 0.000000e+00 -2.027337e+00)
257           	7.519147e+00	(0.000000e+00 0.000000e+00 -2.027337e+00)
258           	7.500161e+00	(0.000000e+00 0.000000e+00 -2.027337e+00)
259           	7.481228e+00	(0.000000e+00 0.000000e+00 -2.027337e+00)
260           	7.461859e+00	(0.000000e+00 0.000000e+00 -2.027337e+00)
261           	7.441899e+00	(0.000000e+00 0.000000e+00 -2.027337e+00)
262           	7.421138e+00	(0.000000e+00 0.000000e+00 -2.027337e+00)
263           	7.400897e+00	(0.000000e+00 0.000000e+00 -2.027337e+00)
264           	7.381181e+00	(0.000000e+00 0.000000e+00 -2.027337e+00)
265           	7.363453e+00	(0.000000e+00 0.000000e+00 -2.027337e+00)
266           	7.344756e+00	(0.000000e+00 0.000000e+00 -2.027337e+00)
267           	7.324421e+00	(0.000000e+00 0.000000e+00 -2.027337e+00)
268           	7.305028e+00	(0.000000e+00 0.000000e+00 -2.027337e+00)
269           	7.286964e+00	(0.000000e+00 0.000000e+00 -2.027337e+00)
270           	7.268903e+00	(0.000000e+00 0.000000e+00 -2.027337e+00)
271           	7.251745e+00	(0.000000e+00 0.000000e+00 -2.027337e+00)
272           	7.235132e+00	(0.000000e+00 0.000000e+00 -2.027337e+00)
273           	7.218646e+00	(0.000000e+00 0.000000e+00 -2.027337e+00)
274           	7.202237e+00	(0.000000e+00 0.000000e+00 -2.027337e+00)
275           	7.186095e+00	(0.000000e+00 0.000000e+00 -2.027337e+00)
276           	7.169116e+00	(0.000000e+00 0.000000e+00 -2.027337e+00)
277           	7.151775e+00	(0.000000e+00 0.000000e+00 -2.027337e+00)
278           	7.137800e+00	(0.000000e+00 0.000000e+00 -2.027337e+00)
279           	7.090735e+00	(0.000000e+00 0.000000e+00 -2.027337e+00)
280           	7.086789e+00	(0.000000e+00 0.000000e+00 -2.027337e+00)
281           	7.085101e+00	(0.000000e+00 0.000000e+00 -2.027337e+00)
282           	7.081766e+00	(0.000000e+00 0.000000e+00 -2.027337e+00)
283           	7.071319e+00	(0.000000e+00 0.000000e+00 -2.027337e+00)
284           	7.067507e+00	(0.000000e+00 0.000000e+00 -2.027337e+00)
285           	7.060483e+00	(0.000000e+00 0.000000e+00 -2.027337e+00)
286           	7.051034e+00	(0.000000e+00 0.000000e+00 -2.027337e+00)
287           	7.039808e+00	(0.000000e+00 0.000000e+00 -2.027337e+00)
288           	7.027940e+00	(0.000000e+00 0.000000e+00 -2.027337e+00)
289           	7.016264e+00	(0.000000e+00 0.000000e+00 -2.027337e+00)
290           	7.006379e+00	(0.000000e+00 0.000000e+00 -2.027337e+00)
291           	6.979421e+00	(0.000000e+00 0.000000e+00 -2.027337e+00)
292           	6.976099e+00	(0.000000e+00 0.000000e+00 -2.027337e+00)
293           	6.973509e+00	(0.000000e+00 0.000000e+00 -2.027337e+00)
294           	6.970778e+00	(0.000000e+00 0.000000e+00 -2.027337e+00)
295           	6.968984e+00	(0.000000e+00 0.000000e+00 -2.027337e+00)
296           	6.968678e+00	(0.000000e+00 0.000000e+00 -2.027337e+00)
297           	6.966734e+00	(0.000000e+00 0.000000e+00 -2.027337e+00)
298           	6.966153e+00	(0.000000e+00 0.000000e+00 -2.027337e+00)
299           	6.965621e+00	(0.000000e+00 0.000000e+00 -2.027337e+00)
300           	6.961917e+00	(0.000000e+00 0.000000e+00 -2.027337e+00)
301           	6.955499e+00	(0.000000e+00 0.000000e+00 -2.027337e+00)
302           	6.954482e+00	(0.000000e+00 0.000000e+00 -2.027337e+00)
303           	6.947301e+00	(0.000000e+00 0.000000e+00 -2.027337e+00)
304           	6.941434e+00	(0.000000e+00 0.000000e+00 -2.027337e+00)
305           	6.940142e+00	(0.000000e+00 0.000000e+00 -2.027337e+00)
306           	6.929792e+00	(0.000000e+00 0.000000e+00 -2.027337e+00)
307           	6.919738e+00	(0.000000e+00 0.000000e+00 -2.027337e+00)
308           	6.917925e+00	(0.000000e+00 0.000000e+00 -2.027337e+00)
309           	6.916695e+00	(0.000000e+00 0.000000e+00 -2.027337e+00)
310           	6.907788e+00	(0.000000e+00 0.000000e+00 -2.027337e+00)
311           	6.894221e+00	(0.000000e+00 0.000000e+00 -2.027337e+00)
312           	6.893125e+00	(0.000000e+00 0.000000e+00 -2.027337e+00)
313           	6.892422e+00	(0.000000e+00 0.000000e+00 -2.027337e+00)
314           	6.889681e+00	(0.000000e+00 0.000000e+00 -2.027337e+00)
315           	6.888860e+00	(0.000000e+00 0.000000e+00 -2.027337e+00)
316           	6.888328e+00	(0.000000e+00 0.000000e+00 -2.027337e+00)
317           	6.887783e+00	(0.000000e+00 0.000000e+00 -2.027337e+00)
318           	6.887173e+00	(0.000000e+00 0.000000e+00 -2.027337e+00)
319           	6.886731e+00	(0.000000e+00 0.000000e+00 -2.027337e+00)
320           	6.886162e+00	(0.000000e+00 0.000000e+00 -2.027337e+00)
321           	6.885410e+00	(0.000000e+00 0.000000e+00 -2.027337e+00)
322           	6.884520e+00	(0.000000e+00 0.000000e+00 -2.027337e+00)
323           	6.883625e+00	(0.000000e+00 0.000000e+00 -2.027337e+00)
324           	6.873460e+00	(0.000000e+00 0.000000e+00 -2.027337e+00)
325           	6.872830e+00	(0.000000e+00 0.000000e+00 -2.027337e+00)
326           	6.872351e+00	(0.000000e+00 0.000000e+00 -2.027337e+00)
327           	6.871930e+00	(0.000000e+00 0.000000e+00 -2.027337e+00)
328           	6.871525e+00	(0.000000e+00 0.000000e+00 -2.027337e+00)
329           	6.871105e+00	(0.000000e+00 0.000000e+00 -2.027337e+00)
330           	6.870620e+00	(0.000000e+00 0.000000e+00 -2.027337e+00)
331           	6.870056e+00	(0.000000e+00 0.000000e+00 -2.027337e+00)
332           	6.869378e+00	(0.000000e+00 0.000000e+00 -2.027337e+00)
333           	6.868577e+00	(0.000000e+00 0.000000e+00 -2.027337e+00)
334           	6.867049e+00	(0.000000e+00 0.000000e+00 -2.027337e+00)
335           	6.865372e+00	(0.000000e+00 0.000000e+00 -2.027337e+00)
336           	6.863545e+00	(0.000000e+00 0.000000e+00 -2.027337e+00)
337           	6.860506e+00	(0.000000e+00 0.000000e+00 -2.027337e+00)
338           	6.852068e+00	(0.000000e+00 0.000000e+00 -2.027337e+00)
339           	6.849002e+00	(0.000000e+00 0.000000e+00 -2.027337e+00)
340           	6.845521e+00	(0.000000e+00 0.000000e+00 -2.027337e+00)
341           	6.842622e+00	(0.000000e+00 0.000000e+00 -2.027337e+00)
342           	6.839375e+00	(0.000000e+00 0.000000e+00 -2.027337e+00)
343           	6.835531e+00	(0.000000e+00 0.000000e+00 -2.027337e+00)
344           	6.830829e+00	(0.000000e+00 0.000000e+00 -2.027337e+00)
345           	6.825057e+00	(0.000000e+00 0.000000e+00 -2.027337e+00)
346           	6.818233e+00	(0.000000e+00 0.000000e+00 -2.027337e+00)
347           	6.810800e+00	(0.000000e+00 0.000000e+00 -2.027337e+00)
348           	6.803694e+00	(0.000000e+00 0.000000e+00 -2.027337e+00)
349           	6.797754e+00	(0.000000e+00 0.000000e+00 -2.027337e+00)
350           	6.792880e+00	(0.000000e+00 0.000000e+00 -2.027337e+00)
351           	6.788657e+00	(0.000000e+00 0.000000e+00 -2.027337e+00)
352           	6.784715e+00	(0.000000e+00 0.000000e+00 -2.027337e+00)
353           	6.780833e+00	(0.000000e+00 0.000000e+00 -2.027337e+00)
354           	6.776909e+00	(0.000000e+00 0.000000e+00 -2.027337e+00)
355           	6.772986e+00	(0.000000e+00 0.000000e+00 -2.027337e+00)
356           	6.769231e+00	(0.000000e+00 0.000000e+00 -2.027337e+00)
357           	6.765693e+00	(0.000000e+00 0.000000e+00 -2.027337e+00)
358           	6.762186e+00	(0.000000e+00 0.000000e+00 -2.027337e+00)
359           	6.758646e+00	(0.000000e+00 0.000000e+00 -2.027337e+00)
360           	6.755198e+00	(0.000000e+00 0.000000e+00 -2.027337e+00)
361           	6.751639e+00	(0.000000e+00 0.000000e+00 -2.027337e+00)
362           	6.747972e+00	(0.000000e+00 0.000000e+00 -2.027337e+00)
363           	6.744453e+00	(0.000000e+00 0.000000e+00 -2.027337e+00)
364           	6.741373e+00	(0.000000e+00 0.000000e+00 -2.027337e+00)
365           	6.738803e+00	(0.000000e+00 0.000000e+00 -2.027337e+00)
366           	6.736616e+00	(0.000000e+00 0.000000e+00 -2.027337e+00)
367           	6.734663e+00	(0.000000e+00 0.000000e+00 -2.027337e+00)
368           	6.732835e+00	(0.000000e+00 0.000000e+00 -2.027337e+00)
369           	6.731064e+00	(0.000000e+00 0.000000e+00 -2.027337e+00)
370           	6.729311e+00	(0.000000e+00 0.000000e+00 -2.027337e+00)
371           	6.727555e+00	(0.000000e+00 0.000000e+00 -2.027337e+00)
372           	6.725786e+00	(0.000000e+00 0.000000e+00 -2.027337e+00)
373           	6.723135e+00	(0.000000e+00 0.000000e+00 -2.027337e+00)
374           	6.714617e+00	(0.000000e+00 0.000000e+00 -2.027337e+00)
375           	6.712409e+00	(0.000000e+00 0.000000e+00 -2.027337e+00)
376           	6.710512e+00	(0.000000e+00 0.000000e+00 -2.027337e+00)
377           	6.699763e+00	(0.000000e+00 0.000000e+00 -2.027337e+00)
378           	6.691307e+00	(0.000000e+00 0.000000e+00 -2.027337e+00)
379           	6.684293e+00	(0.000000e+00 0.000000e+00 -2.027337e+00)
380           	6.680224e+00	(0.000000e+00 0.000000e+00 -2.027337e+00)
381           	6.679244e+00	(0.000000e+00 0.000000e+00 -2.027337e+00)
382           	6.678774e+00	(0.000000e+00 0.000000e+00 -2.027337e+00)
383           	6.676879e+00	(0.000000e+00 0.000000e+00 -2.027337e+00)
384           	6.676204e+00	(0.000000e+00 0.000000e+00 -2.027337e+00)
385           	6.675760e+00	(0.000000e+00 0.000000e+00 -2.027337e+00)
386           	6.673862e+00	(0.000000e+00 0.000000e+00 -2.027337e+00)
387           	6.673303e+00	(0.000000e+00 0.000000e+00 -2.027337e+00)
388           	6.672900e+00	(0.000000e+00 0.000000e+00 -2.027337e+00)
389           	6.671031e+00	(0.000000e+00 0.000000e+00 -2.027337e+00)
390           	6.670510e+00	(0.000000e+00 0.000000e+00 -2.027337e+00)
391           	6.670174e+00	(0.000000e+00 0.000000e+00 -2.027337e+00)
392           	6.668664e+00	(0.000000e+00 0.000000e+00 -2.027337e+00)
393           	6.668286e+00	(0.000000e+00 0.000000e+00 -2.027337e+00)
394           	6.668046e+00	(0.000000e+00 0.000000e+00 -2.027337e+00)
395           	6.667779e+00	(0.000000e+00 0.000000e+00 -2.027337e+00)
396           	6.666364e+00	(0.000000e+00 0.000000e+00 -2.027337e+00)
397           	6.669656e+00	(0.000000e+00 0.000000e+00 -2.027337e+00)
398           	6.670805e+00	(0.000000e+00 0.000000e+00 -2.027337e+00)
399           	6.670738e+00	(0.000000e+00 0.000000e+00 -2.027337e+00)
400           	6.675461e+00	(0.000000e+00 0.000000e+00 -2.027337e+00)
401           	6.675425e+00	(0.000000e+00 0.000000e+00 -2.027337e+00)
402           	6.675384e+00	(0.000000e+00 0.000000e+00 -2.027337e+00)
403           	6.675202e+00	(0.000000e+00 0.000000e+00 -2.027337e+00)
404           	6.674062e+00	(0.000000e+00 0.000000e+00 -2.027337e+00)
405           	6.677821e+00	(0.000000e+00 0.000000e+00 -2.027337e+00)
406           	6.677703e+00	(0.000000e+00 0.000000e+00 -2.027337e+00)
407           	6.677432e+00	(0.000000e+00 0.000000e+00 -2.027337e+00)
408           	6.677042e+00	(0.000000e+00 0.000000e+00 -2.027337e+00)
409           	6.676517e+00	(0.000000e+00 0.000000e+00 -2.027337e+00)
410           	6.675870e+00	(0.000000e+00 0.000000e+00 -2.027337e+00)
411           	6.675142e+00	(0.000000e+00 0.000000e+00 -2.027337e+00)
412           	6.674376e+00	(0.000000e+00 0.000000e+00 -2.027337e+00)
413           	6.676138e+00	(0.000000e+00 0.000000e+00 -2.027337e+00)
414           	6.675410e+00	(0.000000e+00 0.000000e+00 -2.027337e+00)
415           	6.676895e+00	(0.000000e+00 0.000000e+00 -2.027337e+00)
416           	6.676217e+00	(0.000000e+00 0.000000e+00 -2.027337e+00)
417           	6.675533e+00	(0.000000e+00 0.000000e+00 -2.027337e+00)
418           	6.674819e+00	(0.000000e+00 0.000000e+00 -2.027337e+00)
419           	6.676135e+00	(0.000000e+00 0.000000e+00 -2.027337e+00)
420           	6.675409e+00	(0.000000e+00 0.000000e+00 -2.027337e+00)
421           	6.674672e+00	(0.000000e+00 0.000000e+00 -2.027337e+00)
422           	6.673915e+00	(0.000000e+00 0.000000e+00 -2.027337e+00)
423           	6.673111e+00	(0.000000e+00 0.000000e+00 -2.027337e+00)
424           	6.672270e+00	(0.000000e+00 0.000000e+00 -2.027337e+00)
425           	6.671304e+00	(0.000000e+00 0.000000e+00 -2.027337e+00)
426           	6.670324e+00	(0.000000e+00 0.000000e+00 -2.027337e+00)
427           	6.669331e+00	(0.000000e+00 0.000000e+00 -2.027337e+00)
428           	6.668322e+00	(0.000000e+00 0.000000e+00 -2.027337e+00)
429           	6.667303e+00	(0.000000e+00 0.000000e+00 -2.027337e+00)
430           	6.666267e+00	(0.000000e+00 0.000000e+00 -2.027337e+00)
431           	6.665210e+00	(0.000000e+00 0.000000e+00 -2.027337e+00)
432           	6.664135e+00	(0.000000e+00 0.000000e+00 -2.027337e+00)
433           	6.663052e+00	(0.000000e+00 0.000000e+00 -2.027337e+00)
434           	6.661960e+00	(0.000000e+00 0.000000e+00 -2.027337e+00)
435           	6.660872e+00	(0.000000e+00 0.000000e+00 -2.027337e+00)
436           	6.659792e+00	(0.000000e+00 0.000000e+00 -2.027337e+00)
437           	6.658730e+00	(0.000000e+00 0.000000e+00 -2.027337e+00)
438           	6.657684e+00	(0.000000e+00 0.000000e+00 -2.027337e+00)
439           	6.656652e+00	(0.000000e+00 0.000000e+00 -2.027337e+00)
440           	6.655631e+00	(0.000000e+00 0.000000e+00 -2.027337e+00)
441           	6.654626e+00	(0.000000e+00 0.000000e+00 -2.027337e+00)
442           	6.653646e+00	(0.000000e+00 0.000000e+00 -2.027337e+00)
443           	6.652686e+00	(0.000000e+00 0.000000e+00 -2.027337e+00)
444           	6.651737e+00	(0.000000e+00 0.000000e+00 -2.027337e+00)
445           	6.650795e+00	(0.000000e+00 0.000000e+00 -2.027337e+00)
446           	6.649859e+00	(0.000000e+00 0.000000e+00 -2.027337e+00)
447           	6.648938e+00	(0.000000e+00 0.000000e+00 -2.027337e+00)
448           	6.645461e+00	(0.000000e+00 0.000000e+00 -2.027337e+00)
449           	6.644681e+00	(0.000000e+00 0.000000e+00 -2.027337e+00)
450           	6.643961e+00	(0.000000e+00 0.000000e+00 -2.027337e+00)
451           	6.643278e+00	(0.000000e+00 0.000000e+00 -2.027337e+00)
452           	6.642617e+00	(0.000000e+00 0.000000e+00 -2.027337e+00)
453           	6.641975e+00	(0.000000e+00 0.000000e+00 -2.027337e+00)
454           	6.641351e+00	(0.000000e+00 0.000000e+00 -2.027337e+00)
455           	6.640751e+00	(0.000000e+00 0.000000e+00 -2.027337e+00)
456           	6.640180e+00	(0.000000e+00 0.000000e+00 -2.027337e+00)
457           	6.639639e+00	(0.000000e+00 0.000000e+00 -2.027337e+00)
458           	6.639128e+00	(0.000000e+00 0.000000e+00 -2.027337e+00)
459           	6.638645e+00	(0.000000e+00 0.000000e+00 -2.027337e+00)
460           	6.638187e+00	(0.000000e+00 0.000000e+00 -2.027337e+00)
461           	6.637750e+00	(0.000000e+00 0.000000e+00 -2.027337e+00)
462           	6.637333e+00	(0.000000e+00 0.000000e+00 -2.027337e+00)
463           	6.636937e+00	(0.000000e+00 0.000000e+00 -2.027337e+00)
464           	6.636562e+00	(0.000000e+00 0.000000e+00 -2.027337e+00)
465           	6.636207e+00	(0.000000e+00 0.000000e+00 -2.027337e+00)
466           	6.635877e+00	(0.000000e+00 0.000000e+00 -2.027337e+00)
467           	6.635571e+00	(0.000000e+00 0.000000e+00 -2.027337e+00)
468           	6.635283e+00	(0.000000e+00 0.000000e+00 -2.027337e+00)
469           	6.635013e+00	(0.000000e+00 0.000000e+00 -2.027337e+00)
470           	6.634762e+00	(0.000000e+00 0.000000e+00 -2.027337e+00)
471           	6.634530e+00	(0.000000e+00 0.000000e+00 -2.027337e+00)
472           	6.634314e+00	(0.000000e+00 0.000000e+00 -2.027337e+00)
473           	6.634113e+00	(0.000000e+00 0.000000e+00 -2.027337e+00)
474           	6.633924e+00	(0.000000e+00 0.000000e+00 -2.027337e+00)
475           	6.633744e+00	(0.000000e+00 0.000000e+00 -2.027337e+00)
476           	6.633573e+00	(0.000000e+00 0.000000e+00 -2.027337e+00)
477           	6.633409e+00	(0.000000e+00 0.000000e+00 -2.027337e+00)
478           	6.633250e+00	(0.000000e+00 0.000000e+00 -2.027337e+00)
479           	6.633098e+00	(0.000000e+00 0.000000e+00 -2.027337e+00)
480           	6.632954e+00	(0.000000e+00 0.000000e+00 -2.027337e+00)
481           	6.632818e+00	(0.000000e+00 0.000000e+00 -2.027337e+00)
482           	6.632690e+00	(0.000000e+00 0.000000e+00 -2.027337e+00)
483           	6.632573e+00	(0.000000e+00 0.000000e+00 -2.027337e+00)
484           	6.632465e+00	(0.000000e+00 0.000000e+00 -2.027337e+00)
485           	6.632367e+00	(0.000000e+00 0.000000e+00 -2.027337e+00)
486           	6.632275e+00	(0.000000e+00 0.000000e+00 -2.027337e+00)
487           	6.632193e+00	(0.000000e+00 0.000000e+00 -2.027337e+00)
488           	6.632118e+00	(0.000000e+00 0.000000e+00 -2.027337e+00)
489           	6.632052e+00	(0.000000e+00 0.000000e+00 -2.027337e+00)
490           	6.631997e+00	(0.000000e+00 0.000000e+00 -2.027337e+00)
491           	6.631949e+00	(0.000000e+00 0.000000e+00 -2.027337e+00)
492           	6.631911e+00	(0.000000e+00 0.000000e+00 -2.027337e+00)
493           	6.631884e+00	(0.000000e+00 0.000000e+00 -2.027337e+00)
494           	6.631868e+00	(0.000000e+00 0.000000e+00 -2.027337e+00)
495           	6.631866e+00	(0.000000e+00 0.000000e+00 -2.027337e+00)
496           	6.631875e+00	(0.000000e+00 0.000000e+00 -2.027337e+00)
497           	6.631896e+00	(0.000000e+00 0.000000e+00 -2.027337e+00)
498           	6.631928e+00	(0.000000e+00 0.000000e+00 -2.027337e+00)
499           	6.631971e+00	(0.000000e+00 0.000000e+00 -2.027337e+00)
500           	6.632027e+00	(0.000000e+00 0.000000e+00 -2.027337e+00)
501           	6.632095e+00	(0.000000e+00 0.000000e+00 -2.027337e+00)
502           	6.632176e+00	(0.000000e+00 0.000000e+00 -2.027337e+00)
503           	6.632270e+00	(0.000000e+00 0.000000e+00 -2.027337e+00)
504           	6.632378e+00	(0.000000e+00 0.000000e+00 -2.027337e+00)
505           	6.632499e+00	(0.000000e+00 0.000000e+00 -2.027337e+00)
506           	6.632632e+00	(0.000000e+00 0.000000e+00 -2.027337e+00)
507           	6.632770e+00	(0.000000e+00 0.000000e+00 -2.027337e+00)
508           	6.632906e+00	(0.000000e+00 0.000000e+00 -2.027337e+00)
509           	6.633044e+00	(0.000000e+00 0.000000e+00 -2.027337e+00)
510           	6.633181e+00	(0.000000e+00 0.000000e+00 -2.027337e+00)
511           	6.633325e+00	(0.000000e+00 0.000000e+00 -2.027337e+00)
512           	6.637525e+00	(0.000000e+00 0.000000e+00 -2.027337e+00)
513           	6.637720e+00	(0.000000e+00 0.000000e+00 -2.027337e+00)
514           	6.637838e+00	(0.000000e+00 0.000000e+00 -2.027337e+00)
515           	6.638289e+00	(0.000000e+00 0.000000e+00 -2.027337e+00)
516           	6.638425e+00	(0.000000e+00 0.000000e+00 -2.027337e+00)
517           	6.638570e+00	(0.000000e+00 0.000000e+00 -2.027337e+00)
518           	6.639093e+00	(0.000000e+00 0.000000e+00 -2.027337e+00)
519           	6.639229e+00	(0.000000e+00 0.000000e+00 -2.027337e+00)
520           	6.639361e+00	(0.000000e+00 0.000000e+00 -2.027337e+00)
521           	6.639522e+00	(0.000000e+00 0.000000e+00 -2.027337e+00)
522           	6.640156e+00	(0.000000e+00 0.000000e+00 -2.027337e+00)
523           	6.640310e+00	(0.000000e+00 0.000000e+00 -2.027337e+00)
524           	6.640443e+00	(0.000000e+00 0.000000e+00 -2.027337e+00)
525           	6.640557e+00	(0.000000e+00 0.000000e+00 -2.027337e+00)
526           	6.641186e+00	(0.000000e+00 0.000000e+00 -2.027337e+00)
527           	6.641368e+00	(0.000000e+00 0.000000e+00 -2.027337e+00)
528           	6.641526e+00	(0.000000e+00 0.000000e+00 -2.027337e+00)
529           	6.641666e+00	(0.000000e+00 0.000000e+00 -2.027337e+00)
530           	6.642511e+00	(0.000000e+00 0.000000e+00 -2.027337e+00)
531           	6.642768e+00	(0.000000e+00 0.000000e+00 -2.027337e+00)
532           	6.642931e+00	(0.000000e+00 0.000000e+00 -2.027337e+00)
533           	6.643068e+00	(0.000000e+00 0.000000e+00 -2.027337e+00)
534           	6.643917e+00	(0.000000e+00 0.000000e+00 -2.027337e+00)
535           	6.645085e+00	(0.000000e+00 0.000000e+00 -2.027337e+00)
536           	6.645200e+00	(0.000000e+00 0.000000e+00 -2.027337e+00)
537           	6.645337e+00	(0.000000e+00 0.000000e+00 -2.027337e+00)
538           	6.646061e+00	(0.000000e+00 0.000000e+00 -2.027337e+00)
539           	6.646284e+00	(0.000000e+00 0.000000e+00 -2.027337e+00)
540           	6.646390e+00	(0.000000e+00 0.000000e+00 -2.027337e+00)
541           	6.646513e+00	(0.000000e+00 0.000000e+00 -2.027337e+00)
542           	6.647140e+00	(0.000000e+00 0.000000e+00 -2.027337e+00)
543           	6.647304e+00	(0.000000e+00 0.000000e+00 -2.027337e+00)
544           	6.647406e+00	(0.000000e+00 0.000000e+00 -2.027337e+00)
545           	6.647526e+00	(0.000000e+00 0.000000e+00 -2.027337e+00)
546           	6.648137e+00	(0.000000e+00 0.000000e+00 -2.027337e+00)
547           	6.648304e+00	(0.000000e+00 0.000000e+00 -2.027337e+00)
548           	6.648395e+00	(0.000000e+00 0.000000e+00 -2.027337e+00)
549           	6.648499e+00	(0.000000e+00 0.000000e+00 -2.027337e+00)
550           	6.649073e+00	(0.000000e+00 0.000000e+00 -2.027337e+00)
551           	6.649228e+00	(0.000000e+00 0.000000e+00 -2.027337e+00)
552           	6.649328e+00	(0.000000e+00 0.000000e+00 -2.027337e+00)
553           	6.649417e+00	(0.000000e+00 0.000000e+00 -2.027337e+00)
554           	6.649938e+00	(0.000000e+00 0.000000e+00 -2.027337e+00)
555           	6.648926e+00	(0.000000e+00 0.000000e+00 -2.027337e+00)
556           	6.649011e+00	(0.000000e+00 0.000000e+00 -2.027337e+00)
557           	6.649368e+00	(0.000000e+00 0.000000e+00 -2.027337e+00)
558           	6.649470e+00	(0.000000e+00 0.000000e+00 -2.027337e+00)
559           	6.649523e+00	(0.000000e+00 0.000000e+00 -2.027337e+00)
560           	6.649767e+00	(0.000000e+00 0.000000e+00 -2.027337e+00)
561           	6.649839e+00	(0.000000e+00 0.000000e+00 -2.027337e+00)
562           	6.649888e+00	(0.000000e+00 0.000000e+00 -2.027337e+00)
563           	6.650046e+00	(0.000000e+00 0.000000e+00 -2.027337e+00)
564           	6.648914e+00	(0.000000e+00 0.000000e+00 -2.027337e+00)
565           	6.648944e+00	(0.000000e+00 0.000000e+00 -2.027337e+00)
566           	6.649040e+00	(0.000000e+00 0.000000e+00 -2.027337e+00)
