# Selection   : patch(inlet)
# Faces       : 376
# Area        : 3.835388e-01
# Time        	areaAverage(p)	areaAverage(U)
0             	0.000000e+00	(0.000000e+00 0.000000e+00 7.600000e-03)
1             	1.876289e-02	(0.000000e+00 0.000000e+00 -5.706577e-03)
2             	1.868529e-02	(0.000000e+00 0.000000e+00 -5.706577e-03)
3             	1.568998e-02	(0.000000e+00 0.000000e+00 -5.706577e-03)
4             	1.414619e-02	(0.000000e+00 0.000000e+00 -5.706577e-03)
5             	1.231899e-02	(0.000000e+00 0.000000e+00 -5.706577e-03)
6             	1.018457e-02	(0.000000e+00 0.000000e+00 -5.706577e-03)
7             	2.093720e-03	(0.000000e+00 0.000000e+00 -5.706577e-03)
8             	8.282371e-04	(0.000000e+00 0.000000e+00 -5.706577e-03)
9             	-1.942223e-04	(0.000000e+00 0.000000e+00 -5.706577e-03)
10            	-1.115724e-03	(0.000000e+00 0.000000e+00 -5.706577e-03)
11            	-2.042882e-03	(0.000000e+00 0.000000e+00 -5.706577e-03)
12            	-2.898292e-03	(0.000000e+00 0.000000e+00 -5.706577e-03)
13            	-3.538961e-03	(0.000000e+00 0.000000e+00 -5.706577e-03)
14            	-4.828156e-03	(0.000000e+00 0.000000e+00 -5.706577e-03)
15            	-1.105049e-02	(0.000000e+00 0.000000e+00 -5.706577e-03)
16            	-1.132064e-02	(0.000000e+00 0.000000e+00 -5.706577e-03)
17            	-6.372178e-03	(0.000000e+00 0.000000e+00 -5.706577e-03)
18            	-5.732267e-03	(0.000000e+00 0.000000e+00 -5.706577e-03)
19            	-1.421952e-03	(0.000000e+00 0.000000e+00 -5.706577e-03)
20            	3.227190e-03	(0.000000e+00 0.000000e+00 -5.706577e-03)
21            	3.306848e-03	(0.000000e+00 0.000000e+00 -5.706577e-03)
22            	4.592875e-03	(0.000000e+00 0.000000e+00 -5.706577e-03)
23            	4.788800e-03	(0.000000e+00 0.000000e+00 -5.706577e-03)
24            	4.512459e-03	(0.000000e+00 0.000000e+00 -5.706577e-03)
25            	3.618162e-03	(0.000000e+00 0.000000e+00 -5.706577e-03)
26            	2.681708e-03	(0.000000e+00 0.000000e+00 -5.706577e-03)
27            	1.665411e-03	(0.000000e+00 0.000000e+00 -5.706577e-03)
28            	4.411690e-04	(0.000000e+00 0.000000e+00 -5.706577e-03)
29            	1.025387e-04	(0.000000e+00 0.000000e+00 -5.706577e-03)
30            	-9.772961e-04	(0.000000e+00 0.000000e+00 -5.706577e-03)
31            	-1.391637e-03	(0.000000e+00 0.000000e+00 -5.706577e-03)
32            	-2.414808e-03	(0.000000e+00 0.000000e+00 -5.706577e-03)
33            	-2.431910e-03	(0.000000e+00 0.000000e+00 -5.706577e-03)
34            	-2.839963e-03	(0.000000e+00 0.000000e+00 -5.706577e-03)
35            	-1.959038e-03	(0.000000e+00 0.000000e+00 -5.706577e-03)
36            	-1.623348e-03	(0.000000e+00 0.000000e+00 -5.706577e-03)
37            	-1.351485e-03	(0.000000e+00 0.000000e+00 -5.706577e-03)
38            	-1.294686e-03	(0.000000e+00 0.000000e+00 -5.706577e-03)
39            	-6.500979e-04	(0.000000e+00 0.000000e+00 -5.706577e-03)
40            	-5.911142e-04	(0.000000e+00 0.000000e+00 -5.706577e-03)
41            	-5.015684e-05	(0.000000e+00 0.000000e+00 -5.706577e-03)
42            	1.584902e-04	(0.000000e+00 0.000000e+00 -5.706577e-03)
43            	6.198134e-04	(0.000000e+00 0.000000e+00 -5.706577e-03)
44            	4.827181e-04	(0.000000e+00 0.000000e+00 -5.706577e-03)
45            	9.018367e-04	(0.000000e+00 0.000000e+00 -5.706577e-03)
46            	1.089113e-03	(0.000000e+00 0.000000e+00 -5.706577e-03)
47            	1.169131e-03	(0.000000e+00 0.000000e+00 -5.706577e-03)
48            	1.230483e-03	(0.000000e+00 0.000000e+00 -5.706577e-03)
49            	1.251073e-03	(0.000000e+00 0.000000e+00 -5.706577e-03)
50            	1.215050e-03	(0.000000e+00 0.000000e+00 -5.706577e-03)
51            	1.215933e-03	(0.000000e+00 0.000000e+00 -5.706577e-03)
52            	4.152980e-04	(0.000000e+00 0.000000e+00 -5.706577e-03)
53            	1.195993e-04	(0.000000e+00 0.000000e+00 -5.706577e-03)
54            	1.665153e-04	(0.000000e+00 0.000000e+00 -5.706577e-03)
55            	1.344114e-04	(0.000000e+00 0.000000e+00 -5.706577e-03)
56            	1.484579e-04	(0.000000e+00 0.000000e+00 -5.706577e-03)
57            	4.739259e-05	(0.000000e+00 0.000000e+00 -5.706577e-03)
58            	2.643421e-05	(0.000000e+00 0.000000e+00 -5.706577e-03)
59            	-3.115402e-07	(0.000000e+00 0.000000e+00 -5.706577e-03)
60            	1.251203e-05	(0.000000e+00 0.000000e+00 -5.706577e-03)
61            	3.401741e-05	(0.000000e+00 0.000000e+00 -5.706577e-03)
62            	7.142167e-05	(0.000000e+00 0.000000e+00 -5.706577e-03)
63            	1.272785e-04	(0.000000e+00 0.000000e+00 -5.706577e-03)
64            	3.584753e-04	(0.000000e+00 0.000000e+00 -5.706577e-03)
65            	4.004303e-04	(0.000000e+00 0.000000e+00 -5.706577e-03)
66            	3.891026e-04	(0.000000e+00 0.000000e+00 -5.706577e-03)
67            	4.042833e-04	(0.000000e+00 0.000000e+00 -5.706577e-03)
68            	4.020495e-04	(0.000000e+00 0.000000e+00 -5.706577e-03)
69            	3.899166e-04	(0.000000e+00 0.000000e+00 -5.706577e-03)
70            	2.823622e-04	(0.000000e+00 0.000000e+00 -5.706577e-03)
71            	2.280357e-04	(0.000000e+00 0.000000e+00 -5.706577e-03)
72            	2.074049e-04	(0.000000e+00 0.000000e+00 -5.706577e-03)
73            	1.770149e-04	(0.000000e+00 0.000000e+00 -5.706577e-03)
74            	1.514555e-04	(0.000000e+00 0.000000e+00 -5.706577e-03)
75            	1.309774e-04	(0.000000e+00 0.000000e+00 -5.706577e-03)
76            	1.196286e-04	(0.000000e+00 0.000000e+00 -5.706577e-03)
77            	1.213184e-04	(0.000000e+00 0.000000e+00 -5.706577e-03)
78            	1.162606e-04	(0.000000e+00 0.000000e+00 -5.706577e-03)
79            	1.560742e-04	(0.000000e+00 0.000000e+00 -5.706577e-03)
80            	2.092066e-04	(0.000000e+00 0.000000e+00 -5.706577e-03)
81            	2.116216e-04	(0.000000e+00 0.000000e+00 -5.706577e-03)
82            	2.229177e-04	(0.000000e+00 0.000000e+00 -5.706577e-03)
83            	2.300642e-04	(0.000000e+00 0.000000e+00 -5.706577e-03)
84            	2.320864e-04	(0.000000e+00 0.000000e+00 -5.706577e-03)
85            	1.927243e-04	(0.000000e+00 0.000000e+00 -5.706577e-03)
86            	1.933646e-04	(0.000000e+00 0.000000e+00 -5.706577e-03)
87            	1.816274e-04	(0.000000e+00 0.000000e+00 -5.706577e-03)
88            	1.689626e-04	(0.000000e+00 0.000000e+00 -5.706577e-03)
89            	1.561535e-04	(0.000000e+00 0.000000e+00 -5.706577e-03)
90            	1.449600e-04	(0.000000e+00 0.000000e+00 -5.706577e-03)
91            	1.455614e-04	(0.000000e+00 0.000000e+00 -5.706577e-03)
92            	1.305968e-04	(0.000000e+00 0.000000e+00 -5.706577e-03)
93            	1.292103e-04	(0.000000e+00 0.000000e+00 -5.706577e-03)
94            	1.293598e-04	(0.000000e+00 0.000000e+00 -5.706577e-03)
95            	1.284073e-04	(0.000000e+00 0.000000e+00 -5.706577e-03)
96            	1.312343e-04	(0.000000e+00 0.000000e+00 -5.706577e-03)
97            	1.372588e-04	(0.000000e+00 0.000000e+00 -5.706577e-03)
98            	1.594266e-04	(0.000000e+00 0.000000e+00 -5.706577e-03)
99            	1.595351e-04	(0.000000e+00 0.000000e+00 -5.706577e-03)
100           	1.490389e-04	(0.000000e+00 0.000000e+00 -5.706577e-03)
101           	1.491813e-04	(0.000000e+00 0.000000e+00 -5.706577e-03)
102           	1.432363e-04	(0.000000e+00 0.000000e+00 -5.706577e-03)
103           	1.436916e-04	(0.000000e+00 0.000000e+00 -5.706577e-03)
104           	1.340107e-04	(0.000000e+00 0.000000e+00 -5.706577e-03)
105           	1.342523e-04	(0.000000e+00 0.000000e+00 -5.706577e-03)
106           	1.198678e-04	(0.000000e+00 0.000000e+00 -5.706577e-03)
107           	1.149037e-04	(0.000000e+00 0.000000e+00 -5.706577e-03)
108           	1.167384e-04	(0.000000e+00 0.000000e+00 -5.706577e-03)
109           	1.113945e-04	(0.000000e+00 0.000000e+00 -5.706577e-03)
110           	1.113072e-04	(0.000000e+00 0.000000e+00 -5.706577e-03)
111           	1.059972e-04	(0.000000e+00 0.000000e+00 -5.706577e-03)
112           	1.041206e-04	(0.000000e+00 0.000000e+00 -5.706577e-03)
113           	1.013135e-04	(0.000000e+00 0.000000e+00 -5.706577e-03)
114           	1.013616e-04	(0.000000e+00 0.000000e+00 -5.706577e-03)
115           	1.017676e-04	(0.000000e+00 0.000000e+00 -5.706577e-03)
116           	1.038007e-04	(0.000000e+00 0.000000e+00 -5.706577e-03)
117           	1.046338e-04	(0.000000e+00 0.000000e+00 -5.706577e-03)
118           	1.049987e-04	(0.000000e+00 0.000000e+00 -5.706577e-03)
119           	1.094201e-04	(0.000000e+00 0.000000e+00 -5.706577e-03)
120           	1.097097e-04	(0.000000e+00 0.000000e+00 -5.706577e-03)
121           	1.076804e-04	(0.000000e+00 0.000000e+00 -5.706577e-03)
122           	1.065429e-04	(0.000000e+00 0.000000e+00 -5.706577e-03)
123           	1.047208e-04	(0.000000e+00 0.000000e+00 -5.706577e-03)
124           	1.035503e-04	(0.000000e+00 0.000000e+00 -5.706577e-03)
125           	1.020600e-04	(0.000000e+00 0.000000e+00 -5.706577e-03)
126           	1.007445e-04	(0.000000e+00 0.000000e+00 -5.706577e-03)
127           	9.892094e-05	(0.000000e+00 0.000000e+00 -5.706577e-03)
128           	9.885923e-05	(0.000000e+00 0.000000e+00 -5.706577e-03)
129           	9.547190e-05	(0.000000e+00 0.000000e+00 -5.706577e-03)
130           	9.371638e-05	(0.000000e+00 0.000000e+00 -5.706577e-03)
131           	9.144160e-05	(0.000000e+00 0.000000e+00 -5.706577e-03)
132           	9.138486e-05	(0.000000e+00 0.000000e+00 -5.706577e-03)
133           	9.134857e-05	(0.000000e+00 0.000000e+00 -5.706577e-03)
134           	8.770769e-05	(0.000000e+00 0.000000e+00 -5.706577e-03)
135           	8.763347e-05	(0.000000e+00 0.000000e+00 -5.706577e-03)
136           	8.759131e-05	(0.000000e+00 0.000000e+00 -5.706577e-03)
137           	8.756374e-05	(0.000000e+00 0.000000e+00 -5.706577e-03)
138           	8.520218e-05	(0.000000e+00 0.000000e+00 -5.706577e-03)
139           	8.520693e-05	(0.000000e+00 0.000000e+00 -5.706577e-03)
140           	8.492664e-05	(0.000000e+00 0.000000e+00 -5.706577e-03)
141           	8.448756e-05	(0.000000e+00 0.000000e+00 -5.706577e-03)
142           	8.365340e-05	(0.000000e+00 0.000000e+00 -5.706577e-03)
143           	8.253598e-05	(0.000000e+00 0.000000e+00 -5.706577e-03)
144           	8.175885e-05	(0.000000e+00 0.000000e+00 -5.706577e-03)
145           	8.222873e-05	(0.000000e+00 0.000000e+00 -5.706577e-03)
146           	8.198421e-05	(0.000000e+00 0.000000e+00 -5.706577e-03)
147           	8.187161e-05	(0.000000e+00 0.000000e+00 -5.706577e-03)
148           	8.185946e-05	(0.000000e+00 0.000000e+00 -5.706577e-03)
149           	8.136265e-05	(0.000000e+00 0.000000e+00 -5.706577e-03)
150           	8.106384e-05	(0.000000e+00 0.000000e+00 -5.706577e-03)
151           	8.094247e-05	(0.000000e+00 0.000000e+00 -5.706577e-03)
152           	8.094327e-05	(0.000000e+00 0.000000e+00 -5.706577e-03)
153           	8.084509e-05	(0.000000e+00 0.000000e+00 -5.706577e-03)
154           	7.988047e-05	(0.000000e+00 0.000000e+00 -5.706577e-03)
155           	7.903028e-05	(0.000000e+00 0.000000e+00 -5.706577e-03)
156           	7.904042e-05	(0.000000e+00 0.000000e+00 -5.706577e-03)
157           	7.905991e-05	(0.000000e+00 0.000000e+00 -5.706577e-03)
158           	7.908288e-05	(0.000000e+00 0.000000e+00 -5.706577e-03)
159           	7.739176e-05	(0.000000e+00 0.000000e+00 -5.706577e-03)
160           	7.746798e-05	(0.000000e+00 0.000000e+00 -5.706577e-03)
161           	7.757032e-05	(0.000000e+00 0.000000e+00 -5.706577e-03)
162           	7.771458e-05	(0.000000e+00 0.000000e+00 -5.706577e-03)
163           	7.823613e-05	(0.000000e+00 0.000000e+00 -5.706577e-03)
164           	7.663537e-05	(0.000000e+00 0.000000e+00 -5.706577e-03)
165           	7.677348e-05	(0.000000e+00 0.000000e+00 -5.706577e-03)
166           	7.687281e-05	(0.000000e+00 0.000000e+00 -5.706577e-03)
167           	7.698156e-05	(0.000000e+00 0.000000e+00 -5.706577e-03)
168           	7.677929e-05	(0.000000e+00 0.000000e+00 -5.706577e-03)
169           	7.666386e-05	(0.000000e+00 0.000000e+00 -5.706577e-03)
170           	7.650576e-05	(0.000000e+00 0.000000e+00 -5.706577e-03)
171           	7.589987e-05	(0.000000e+00 0.000000e+00 -5.706577e-03)
172           	7.536551e-05	(0.000000e+00 0.000000e+00 -5.706577e-03)
173           	7.535463e-05	(0.000000e+00 0.000000e+00 -5.706577e-03)
174           	7.533385e-05	(0.000000e+00 0.000000e+00 -5.706577e-03)
175           	7.498646e-05	(0.000000e+00 0.000000e+00 -5.706577e-03)
176           	7.468026e-05	(0.000000e+00 0.000000e+00 -5.706577e-03)
177           	7.385564e-05	(0.000000e+00 0.000000e+00 -5.706577e-03)
178           	7.394147e-05	(0.000000e+00 0.000000e+00 -5.706577e-03)
179           	7.407589e-05	(0.000000e+00 0.000000e+00 -5.706577e-03)
180           	7.423506e-05	(0.000000e+00 0.000000e+00 -5.706577e-03)
181           	7.377039e-05	(0.000000e+00 0.000000e+00 -5.706577e-03)
182           	7.407741e-05	(0.000000e+00 0.000000e+00 -5.706577e-03)
183           	7.421752e-05	(0.000000e+00 0.000000e+00 -5.706577e-03)
184           	7.425482e-05	(0.000000e+00 0.000000e+00 -5.706577e-03)
185           	7.414415e-05	(0.000000e+00 0.000000e+00 -5.706577e-03)
186           	7.395536e-05	(0.000000e+00 0.000000e+00 -5.706577e-03)
187           	7.357034e-05	(0.000000e+00 0.000000e+00 -5.706577e-03)
188           	7.299705e-05	(0.000000e+00 0.000000e+00 -5.706577e-03)
189           	7.325615e-05	(0.000000e+00 0.000000e+00 -5.706577e-03)
190           	7.270367e-05	(0.000000e+00 0.000000e+00 -5.706577e-03)
191           	7.208566e-05	(0.000000e+00 0.000000e+00 -5.706577e-03)
192           	7.226433e-05	(0.000000e+00 0.000000e+00 -5.706577e-03)
193           	7.206129e-05	(0.000000e+00 0.000000e+00 -5.706577e-03)
194           	7.192496e-05	(0.000000e+00 0.000000e+00 -5.706577e-03)
195           	7.195888e-05	(0.000000e+00 0.000000e+00 -5.706577e-03)
196           	7.190272e-05	(0.000000e+00 0.000000e+00 -5.706577e-03)
197           	7.165015e-05	(0.000000e+00 0.000000e+00 -5.706577e-03)
198           	7.166320e-05	(0.000000e+00 0.000000e+00 -5.706577e-03)
199           	7.167000e-05	(0.000000e+00 0.000000e+00 -5.706577e-03)
200           	7.146507e-05	(0.000000e+00 0.000000e+00 -5.706577e-03)
201           	7.143961e-05	(0.000000e+00 0.000000e+00 -5.706577e-03)
202           	7.139003e-05	(0.000000e+00 0.000000e+00 -5.706577e-03)
203           	7.095992e-05	(0.000000e+00 0.000000e+00 -5.706577e-03)
204           	7.101681e-05	(0.000000e+00 0.000000e+00 -5.706577e-03)
205           	7.103053e-05	(0.000000e+00 0.000000e+00 -5.706577e-03)
206           	7.102639e-05	(0.000000e+00 0.000000e+00 -5.706577e-03)
207           	7.098784e-05	(0.000000e+00 0.000000e+00 -5.706577e-03)
208           	7.092447e-05	(0.000000e+00 0.000000e+00 -5.706577e-03)
209           	7.082560e-05	(0.000000e+00 0.000000e+00 -5.706577e-03)
210           	7.069024e-05	(0.000000e+00 0.000000e+00 -5.706577e-03)
211           	7.052295e-05	(0.000000e+00 0.000000e+00 -5.706577e-03)
212           	7.033726e-05	(0.000000e+00 0.000000e+00 -5.706577e-03)
213           	7.015039e-05	(0.000000e+00 0.000000e+00 -5.706577e-03)
214           	6.997853e-05	(0.000000e+00 0.000000e+00 -5.706577e-03)
215           	6.982116e-05	(0.000000e+00 0.000000e+00 -5.706577e-03)
216           	6.973314e-05	(0.000000e+00 0.000000e+00 -5.706577e-03)
217           	6.931175e-05	(0.000000e+00 0.000000e+00 -5.706577e-03)
218           	6.921327e-05	(0.000000e+00 0.000000e+00 -5.706577e-03)
219           	6.915299e-05	(0.000000e+00 0.000000e+00 -5.706577e-03)
220           	6.908158e-05	(0.000000e+00 0.000000e+00 -5.706577e-03)
221           	6.882917e-05	(0.000000e+00 0.000000e+00 -5.706577e-03)
222           	6.878471e-05	(0.000000e+00 0.000000e+00 -5.706577e-03)
223           	6.871959e-05	(0.000000e+00 0.000000e+00 -5.706577e-03)
224           	6.829143e-05	(0.000000e+00 0.000000e+00 -5.706577e-03)
225           	6.820670e-05	(0.000000e+00 0.000000e+00 -5.706577e-03)
226           	6.810849e-05	(0.000000e+00 0.000000e+00 -5.706577e-03)
227           	6.765378e-05	(0.000000e+00 0.000000e+00 -5.706577e-03)
228           	6.755047e-05	(0.000000e+00 0.000000e+00 -5.706577e-03)
229           	6.744467e-05	(0.000000e+00 0.000000e+00 -5.706577e-03)
230           	6.705723e-05	(0.000000e+00 0.000000e+00 -5.706577e-03)
231           	6.695697e-05	(0.000000e+00 0.000000e+00 -5.706577e-03)
232           	6.684718e-05	(0.000000e+00 0.000000e+00 -5.706577e-03)
233           	6.668321e-05	(0.000000e+00 0.000000e+00 -5.706577e-03)
234           	6.648105e-05	(0.000000e+00 0.000000e+00 -5.706577e-03)
235           	6.626312e-05	(0.000000e+00 0.000000e+00 -5.706577e-03)
236           	6.604323e-05	(0.000000e+00 0.000000e+00 -5.706577e-03)
237           	6.582615e-05	(0.000000e+00 0.000000e+00 -5.706577e-03)
238           	6.561990e-05	(0.000000e+00 0.000000e+00 -5.706577e-03)
239           	6.543090e-05	(0.000000e+00 0.000000e+00 -5.706577e-03)
240           	6.525707e-05	(0.000000e+00 0.000000e+00 -5.706577e-03)
241           	6.508695e-05	(0.000000e+00 0.000000e+00 -5.706577e-03)
242           	6.491358e-05	(0.000000e+00 0.000000e+00 -5.706577e-03)
243           	6.473451e-05	(0.000000e+00 0.000000e+00 -5.706577e-03)
244           	6.455282e-05	(0.000000e+00 0.000000e+00 -5.706577e-03)
245           	6.439527e-05	(0.000000e+00 0.000000e+00 -5.706577e-03)
246           	6.399800e-05	(0.000000e+00 0.000000e+00 -5.706577e-03)
247           	6.394739e-05	(0.000000e+00 0.000000e+00 -5.706577e-03)
248           	6.389516e-05	(0.000000e+00 0.000000e+00 -5.706577e-03)
249           	6.361976e-05	(0.000000e+00 0.000000e+00 -5.706577e-03)
250           	6.354074e-05	(0.000000e+00 0.000000e+00 -5.706577e-03)
251           	6.315393e-05	(0.000000e+00 0.000000e+00 -5.706577e-03)
252           	6.304145e-05	(0.000000e+00 0.000000e+00 -5.706577e-03)
253           	6.289760e-05	(0.000000e+00 0.000000e+00 -5.706577e-03)
254           	6.245397e-05	(0.000000e+00 0.000000e+00 -5.706577e-03)
255           	6.238519e-05	(0.000000e+00 0.000000e+00 -5.706577e-03)
256           	6.230056e-05	(0.000000e+00 0.000000e+00 -5.706577e-03)
257           	6.220714e-05	(0.000000e+00 0.000000e+00 -5.706577e-03)
258           	6.200310e-05	(0.000000e+00 0.000000e+00 -5.706577e-03)
259           	6.193756e-05	(0.000000e+00 0.000000e+00 -5.706577e-03)
260           	6.188401e-05	(0.000000e+00 0.000000e+00 -5.706577e-03)
261           	6.183723e-05	(0.000000e+00 0.000000e+00 -5.706577e-03)
262           	6.186617e-05	(0.000000e+00 0.000000e+00 -5.706577e-03)
263           	6.188273e-05	(0.000000e+00 0.000000e+00 -5.706577e-03)
264           	6.188853e-05	(0.000000e+00 0.000000e+00 -5.706577e-03)
265           	6.190590e-05	(0.000000e+00 0.000000e+00 -5.706577e-03)
266           	6.191040e-05	(0.000000e+00 0.000000e+00 -5.706577e-03)
267           	6.192331e-05	(0.000000e+00 0.000000e+00 -5.706577e-03)
268           	6.191224e-05	(0.000000e+00 0.000000e+00 -5.706577e-03)
269           	6.190143e-05	(0.000000e+00 0.000000e+00 -5.706577e-03)
270           	6.186382e-05	(0.000000e+00 0.000000e+00 -5.706577e-03)
271           	6.187498e-05	(0.000000e+00 0.000000e+00 -5.706577e-03)
272           	6.188164e-05	(0.000000e+00 0.000000e+00 -5.706577e-03)
273           	6.188524e-05	(0.000000e+00 0.000000e+00 -5.706577e-03)
274           	6.188771e-05	(0.000000e+00 0.000000e+00 -5.706577e-03)
275           	6.189179e-05	(0.000000e+00 0.000000e+00 -5.706577e-03)
276           	6.189317e-05	(0.000000e+00 0.000000e+00 -5.706577e-03)
277           	6.189293e-05	(0.000000e+00 0.000000e+00 -5.706577e-03)
278           	6.188785e-05	(0.000000e+00 0.000000e+00 -5.706577e-03)
279           	6.188676e-05	(0.000000e+00 0.000000e+00 -5.706577e-03)
280           	6.187882e-05	(0.000000e+00 0.000000e+00 -5.706577e-03)
281           	6.187821e-05	(0.000000e+00 0.000000e+00 -5.706577e-03)
282           	6.187389e-05	(0.000000e+00 0.000000e+00 -5.706577e-03)
283           	6.187004e-05	(0.000000e+00 0.000000e+00 -5.706577e-03)
284           	6.185024e-05	(0.000000e+00 0.000000e+00 -5.706577e-03)
285           	6.182603e-05	(0.000000e+00 0.000000e+00 -5.706577e-03)
286           	6.181073e-05	(0.000000e+00 0.000000e+00 -5.706577e-03)
287           	6.168421e-05	(0.000000e+00 0.000000e+00 -5.706577e-03)
288           	6.172177e-05	(0.000000e+00 0.000000e+00 -5.706577e-03)
289           	6.170855e-05	(0.000000e+00 0.000000e+00 -5.706577e-03)
290           	6.170365e-05	(0.000000e+00 0.000000e+00 -5.706577e-03)
291           	6.168710e-05	(0.000000e+00 0.000000e+00 -5.706577e-03)
292           	6.168521e-05	(0.000000e+00 0.000000e+00 -5.706577e-03)
293           	6.167870e-05	(0.000000e+00 0.000000e+00 -5.706577e-03)
294           	6.167803e-05	(0.000000e+00 0.000000e+00 -5.706577e-03)
295           	6.167480e-05	(0.000000e+00 0.000000e+00 -5.706577e-03)
296           	6.167542e-05	(0.000000e+00 0.000000e+00 -5.706577e-03)
297           	6.167598e-05	(0.000000e+00 0.000000e+00 -5.706577e-03)
298           	6.167669e-05	(0.000000e+00 0.000000e+00 -5.706577e-03)
299           	6.163406e-05	(0.000000e+00 0.000000e+00 -5.706577e-03)
300           	6.160067e-05	(0.000000e+00 0.000000e+00 -5.706577e-03)
301           	6.158343e-05	(0.000000e+00 0.000000e+00 -5.706577e-03)
302           	6.145761e-05	(0.000000e+00 0.000000e+00 -5.706577e-03)
303           	6.140868e-05	(0.000000e+00 0.000000e+00 -5.706577e-03)
304           	6.140590e-05	(0.000000e+00 0.000000e+00 -5.706577e-03)
305           	6.139588e-05	(0.000000e+00 0.000000e+00 -5.706577e-03)
306           	6.139295e-05	(0.000000e+00 0.000000e+00 -5.706577e-03)
307           	6.137964e-05	(0.000000e+00 0.000000e+00 -5.706577e-03)
308           	6.133992e-05	(0.000000e+00 0.000000e+00 -5.706577e-03)
309           	6.109011e-05	(0.000000e+00 0.000000e+00 -5.706577e-03)
310           	6.109050e-05	(0.000000e+00 0.000000e+00 -5.706577e-03)
311           	6.108852e-05	(0.000000e+00 0.000000e+00 -5.706577e-03)
312           	6.109016e-05	(0.000000e+00 0.000000e+00 -5.706577e-03)
313           	6.109230e-05	(0.000000e+00 0.000000e+00 -5.706577e-03)
314           	6.109314e-05	(0.000000e+00 0.000000e+00 -5.706577e-03)
315           	6.109458e-05	(0.000000e+00 0.000000e+00 -5.706577e-03)
316           	6.109452e-05	(0.000000e+00 0.000000e+00 -5.706577e-03)
317           	6.109481e-05	(0.000000e+00 0.000000e+00 -5.706577e-03)
318           	6.109440e-05	(0.000000e+00 0.000000e+00 -5.706577e-03)
319           	6.109299e-05	(0.000000e+00 0.000000e+00 -5.706577e-03)
320           	6.109154e-05	(0.000000e+00 0.000000e+00 -5.706577e-03)
321           	6.108196e-05	(0.000000e+00 0.000000e+00 -5.706577e-03)
322           	6.107883e-05	(0.000000e+00 0.000000e+00 -5.706577e-03)
323           	6.106074e-05	(0.000000e+00 0.000000e+00 -5.706577e-03)
324           	6.105860e-05	(0.000000e+00 0.000000e+00 -5.706577e-03)
325           	6.104967e-05	(0.000000e+00 0.000000e+00 -5.706577e-03)
326           	6.104604e-05	(0.000000e+00 0.000000e+00 -5.706577e-03)
327           	6.103294e-05	(0.000000e+00 0.000000e+00 -5.706577e-03)
328           	6.103229e-05	(0.000000e+00 0.000000e+00 -5.706577e-03)
329           	6.102305e-05	(0.000000e+00 0.000000e+00 -5.706577e-03)
330           	6.101949e-05	(0.000000e+00 0.000000e+00 -5.706577e-03)
331           	6.098197e-05	(0.000000e+00 0.000000e+00 -5.706577e-03)
332           	6.096203e-05	(0.000000e+00 0.000000e+00 -5.706577e-03)
333           	6.076340e-05	(0.000000e+00 0.000000e+00 -5.706577e-03)
334           	6.068722e-05	(0.000000e+00 0.000000e+00 -5.706577e-03)
335           	6.066026e-05	(0.000000e+00 0.000000e+00 -5.706577e-03)
336           	6.058542e-05	(0.000000e+00 0.000000e+00 -5.706577e-03)
337           	6.058849e-05	(0.000000e+00 0.000000e+00 -5.706577e-03)
338           	6.058231e-05	(0.000000e+00 0.000000e+00 -5.706577e-03)
339           	6.058024e-05	(0.000000e+00 0.000000e+00 -5.706577e-03)
340           	6.057349e-05	(0.000000e+00 0.000000e+00 -5.706577e-03)
341           	6.057191e-05	(0.000000e+00 0.000000e+00 -5.706577e-03)
342           	6.056070e-05	(0.000000e+00 0.000000e+00 -5.706577e-03)
343           	6.056037e-05	(0.000000e+00 0.000000e+00 -5.706577e-03)
344           	6.055586e-05	(0.000000e+00 0.000000e+00 -5.706577e-03)
345           	6.055091e-05	(0.000000e+00 0.000000e+00 -5.706577e-03)
346           	6.054946e-05	(0.000000e+00 0.000000e+00 -5.706577e-03)
347           	6.053015e-05	(0.000000e+00 0.000000e+00 -5.706577e-03)
348           	6.052648e-05	(0.000000e+00 0.000000e+00 -5.706577e-03)
349           	6.045128e-05	(0.000000e+00 0.000000e+00 -5.706577e-03)
350           	6.044873e-05	(0.000000e+00 0.000000e+00 -5.706577e-03)
351           	6.044517e-05	(0.000000e+00 0.000000e+00 -5.706577e-03)
352           	6.040449e-05	(0.000000e+00 0.000000e+00 -5.706577e-03)
353           	6.040151e-05	(0.000000e+00 0.000000e+00 -5.706577e-03)
354           	6.039273e-05	(0.000000e+00 0.000000e+00 -5.706577e-03)
355           	6.033244e-05	(0.000000e+00 0.000000e+00 -5.706577e-03)
356           	6.033011e-05	(0.000000e+00 0.000000e+00 -5.706577e-03)
357           	6.032017e-05	(0.000000e+00 0.000000e+00 -5.706577e-03)
358           	6.031871e-05	(0.000000e+00 0.000000e+00 -5.706577e-03)
359           	6.028940e-05	(0.000000e+00 0.000000e+00 -5.706577e-03)
360           	6.028771e-05	(0.000000e+00 0.000000e+00 -5.706577e-03)
361           	6.027444e-05	(0.000000e+00 0.000000e+00 -5.706577e-03)
362           	6.026912e-05	(0.000000e+00 0.000000e+00 -5.706577e-03)
363           	6.018590e-05	(0.000000e+00 0.000000e+00 -5.706577e-03)
364           	6.009140e-05	(0.000000e+00 0.000000e+00 -5.706577e-03)
365           	6.004904e-05	(0.000000e+00 0.000000e+00 -5.706577e-03)
366           	5.966112e-05	(0.000000e+00 0.000000e+00 -5.706577e-03)
367           	5.964313e-05	(0.000000e+00 0.000000e+00 -5.706577e-03)
368           	5.956078e-05	(0.000000e+00 0.000000e+00 -5.706577e-03)
369           	5.954037e-05	(0.000000e+00 0.000000e+00 -5.706577e-03)
370           	5.949960e-05	(0.000000e+00 0.000000e+00 -5.706577e-03)
371           	5.948445e-05	(0.000000e+00 0.000000e+00 -5.706577e-03)
372           	5.948067e-05	(0.000000e+00 0.000000e+00 -5.706577e-03)
373           	5.945217e-05	(0.000000e+00 0.000000e+00 -5.706577e-03)
374           	5.944431e-05	(0.000000e+00 0.000000e+00 -5.706577e-03)
375           	5.940848e-05	(0.000000e+00 0.000000e+00 -5.706577e-03)
376           	5.940327e-05	(0.000000e+00 0.000000e+00 -5.706577e-03)
377           	5.938172e-05	(0.000000e+00 0.000000e+00 -5.706577e-03)
378           	5.938047e-05	(0.000000e+00 0.000000e+00 -5.706577e-03)
379           	5.937387e-05	(0.000000e+00 0.000000e+00 -5.706577e-03)
380           	5.937195e-05	(0.000000e+00 0.000000e+00 -5.706577e-03)
381           	5.936054e-05	(0.000000e+00 0.000000e+00 -5.706577e-03)
382           	5.935340e-05	(0.000000e+00 0.000000e+00 -5.706577e-03)
383           	5.934580e-05	(0.000000e+00 0.000000e+00 -5.706577e-03)
384           	5.933809e-05	(0.000000e+00 0.000000e+00 -5.706577e-03)
385           	5.933583e-05	(0.000000e+00 0.000000e+00 -5.706577e-03)
386           	5.932517e-05	(0.000000e+00 0.000000e+00 -5.706577e-03)
387           	5.932217e-05	(0.000000e+00 0.000000e+00 -5.706577e-03)
388           	5.936435e-05	(0.000000e+00 0.000000e+00 -5.706577e-03)
389           	5.936230e-05	(0.000000e+00 0.000000e+00 -5.706577e-03)
390           	5.935779e-05	(0.000000e+00 0.000000e+00 -5.706577e-03)
391           	5.935781e-05	(0.000000e+00 0.000000e+00 -5.706577e-03)
392           	5.935530e-05	(0.000000e+00 0.000000e+00 -5.706577e-03)
393           	5.935389e-05	(0.000000e+00 0.000000e+00 -5.706577e-03)
394           	5.934829e-05	(0.000000e+00 0.000000e+00 -5.706577e-03)
395           	5.934673e-05	(0.000000e+00 0.000000e+00 -5.706577e-03)
396           	5.934173e-05	(0.000000e+00 0.000000e+00 -5.706577e-03)
397           	5.933437e-05	(0.000000e+00 0.000000e+00 -5.706577e-03)
398           	5.933222e-05	(0.000000e+00 0.000000e+00 -5.706577e-03)
399           	5.932309e-05	(0.000000e+00 0.000000e+00 -5.706577e-03)
400           	5.932050e-05	(0.000000e+00 0.000000e+00 -5.706577e-03)
401           	5.930681e-05	(0.000000e+00 0.000000e+00 -5.706577e-03)
402           	5.930333e-05	(0.000000e+00 0.000000e+00 -5.706577e-03)
403           	5.928094e-05	(0.000000e+00 0.000000e+00 -5.706577e-03)
404           	5.927280e-05	(0.000000e+00 0.000000e+00 -5.706577e-03)
405           	5.922542e-05	(0.000000e+00 0.000000e+00 -5.706577e-03)
406           	5.923087e-05	(0.000000e+00 0.000000e+00 -5.706577e-03)
407           	5.922071e-05	(0.000000e+00 0.000000e+00 -5.706577e-03)
408           	5.921979e-05	(0.000000e+00 0.000000e+00 -5.706577e-03)
409           	5.921590e-05	(0.000000e+00 0.000000e+00 -5.706577e-03)
410           	5.921187e-05	(0.000000e+00 0.000000e+00 -5.706577e-03)
411           	5.920733e-05	(0.000000e+00 0.000000e+00 -5.706577e-03)
412           	5.920121e-05	(0.000000e+00 0.000000e+00 -5.706577e-03)
413           	5.920803e-05	(0.000000e+00 0.000000e+00 -5.706577e-03)
414           	5.920567e-05	(0.000000e+00 0.000000e+00 -5.706577e-03)
415           	5.919580e-05	(0.000000e+00 0.000000e+00 -5.706577e-03)
416           	5.919264e-05	(0.000000e+00 0.000000e+00 -5.706577e-03)
417           	5.917557e-05	(0.000000e+00 0.000000e+00 -5.706577e-03)
418           	5.917130e-05	(0.000000e+00 0.000000e+00 -5.706577e-03)
419           	5.913248e-05	(0.000000e+00 0.000000e+00 -5.706577e-03)
420           	5.912865e-05	(0.000000e+00 0.000000e+00 -5.706577e-03)
421           	5.911088e-05	(0.000000e+00 0.000000e+00 -5.706577e-03)
422           	5.911067e-05	(0.000000e+00 0.000000e+00 -5.706577e-03)
423           	5.910720e-05	(0.000000e+00 0.000000e+00 -5.706577e-03)
424           	5.910558e-05	(0.000000e+00 0.000000e+00 -5.706577e-03)
425           	5.910486e-05	(0.000000e+00 0.000000e+00 -5.706577e-03)
426           	5.910047e-05	(0.000000e+00 0.000000e+00 -5.706577e-03)
427           	5.909908e-05	(0.000000e+00 0.000000e+00 -5.706577e-03)
428           	5.908821e-05	(0.000000e+00 0.000000e+00 -5.706577e-03)
429           	5.908609e-05	(0.000000e+00 0.000000e+00 -5.706577e-03)
430           	5.906834e-05	(0.000000e+00 0.000000e+00 -5.706577e-03)
431           	5.906597e-05	(0.000000e+00 0.000000e+00 -5.706577e-03)
432           	5.899385e-05	(0.000000e+00 0.000000e+00 -5.706577e-03)
433           	5.899134e-05	(0.000000e+00 0.000000e+00 -5.706577e-03)
434           	5.897581e-05	(0.000000e+00 0.000000e+00 -5.706577e-03)
435           	5.897357e-05	(0.000000e+00 0.000000e+00 -5.706577e-03)
436           	5.896643e-05	(0.000000e+00 0.000000e+00 -5.706577e-03)
437           	5.896191e-05	(0.000000e+00 0.000000e+00 -5.706577e-03)
438           	5.895904e-05	(0.000000e+00 0.000000e+00 -5.706577e-03)
439           	5.895836e-05	(0.000000e+00 0.000000e+00 -5.706577e-03)
440           	5.895429e-05	(0.000000e+00 0.000000e+00 -5.706577e-03)
441           	5.894875e-05	(0.000000e+00 0.000000e+00 -5.706577e-03)
442           	5.894589e-05	(0.000000e+00 0.000000e+00 -5.706577e-03)
443           	5.893747e-05	(0.000000e+00 0.000000e+00 -5.706577e-03)
444           	5.893439e-05	(0.000000e+00 0.000000e+00 -5.706577e-03)
445           	5.892171e-05	(0.000000e+00 0.000000e+00 -5.706577e-03)
446           	5.891798e-05	(0.000000e+00 0.000000e+00 -5.706577e-03)
447           	5.889134e-05	(0.000000e+00 0.000000e+00 -5.706577e-03)
448           	5.888798e-05	(0.000000e+00 0.000000e+00 -5.706577e-03)
449           	5.877617e-05	(0.000000e+00 0.000000e+00 -5.706577e-03)
450           	5.877455e-05	(0.000000e+00 0.000000e+00 -5.706577e-03)
451           	5.877102e-05	(0.000000e+00 0.000000e+00 -5.706577e-03)
452           	5.876574e-05	(0.000000e+00 0.000000e+00 -5.706577e-03)
453           	5.876435e-05	(0.000000e+00 0.000000e+00 -5.706577e-03)
454           	5.876013e-05	(0.000000e+00 0.000000e+00 -5.706577e-03)
455           	5.875814e-05	(0.000000e+00 0.000000e+00 -5.706577e-03)
456           	5.875772e-05	(0.000000e+00 0.000000e+00 -5.706577e-03)
457           	5.875442e-05	(0.000000e+00 0.000000e+00 -5.706577e-03)
458           	5.875217e-05	(0.000000e+00 0.000000e+00 -5.706577e-03)
459           	5.874320e-05	(0.000000e+00 0.000000e+00 -5.706577e-03)
460           	5.874082e-05	(0.000000e+00 0.000000e+00 -5.706577e-03)
461           	5.872339e-05	(0.000000e+00 0.000000e+00 -5.706577e-03)
462           	5.872208e-05	(0.000000e+00 0.000000e+00 -5.706577e-03)
463           	5.870905e-05	(0.000000e+00 0.000000e+00 -5.706577e-03)
464           	5.870838e-05	(0.000000e+00 0.000000e+00 -5.706577e-03)
465           	5.870722e-05	(0.000000e+00 0.000000e+00 -5.706577e-03)
466           	5.870574e-05	(0.000000e+00 0.000000e+00 -5.706577e-03)
467           	5.870513e-05	(0.000000e+00 0.000000e+00 -5.706577e-03)
468           	5.870234e-05	(0.000000e+00 0.000000e+00 -5.706577e-03)
469           	5.870130e-05	(0.000000e+00 0.000000e+00 -5.706577e-03)
470           	5.869578e-05	(0.000000e+00 0.000000e+00 -5.706577e-03)
471           	5.869546e-05	(0.000000e+00 0.000000e+00 -5.706577e-03)
472           	5.869279e-05	(0.000000e+00 0.000000e+00 -5.706577e-03)
473           	5.868902e-05	(0.000000e+00 0.000000e+00 -5.706577e-03)
474           	5.868776e-05	(0.000000e+00 0.000000e+00 -5.706577e-03)
475           	5.868181e-05	(0.000000e+00 0.000000e+00 -5.706577e-03)
476           	5.868052e-05	(0.000000e+00 0.000000e+00 -5.706577e-03)
477           	5.867702e-05	(0.000000e+00 0.000000e+00 -5.706577e-03)
478           	5.867395e-05	(0.000000e+00 0.000000e+00 -5.706577e-03)
479           	5.867282e-05	(0.000000e+00 0.000000e+00 -5.706577e-03)
480           	5.867040e-05	(0.000000e+00 0.000000e+00 -5.706577e-03)
481           	5.866753e-05	(0.000000e+00 0.000000e+00 -5.706577e-03)
482           	5.866658e-05	(0.000000e+00 0.000000e+00 -5.706577e-03)
483           	5.866503e-05	(0.000000e+00 0.000000e+00 -5.706577e-03)
484           	5.866407e-05	(0.000000e+00 0.000000e+00 -5.706577e-03)
485           	5.866289e-05	(0.000000e+00 0.000000e+00 -5.706577e-03)
486           	5.866252e-05	(0.000000e+00 0.000000e+00 -5.706577e-03)
487           	5.868977e-05	(0.000000e+00 0.000000e+00 -5.706577e-03)
488           	5.868927e-05	(0.000000e+00 0.000000e+00 -5.706577e-03)
489           	5.868779e-05	(0.000000e+00 0.000000e+00 -5.706577e-03)
490           	5.868734e-05	(0.000000e+00 0.000000e+00 -5.706577e-03)
491           	5.868662e-05	(0.000000e+00 0.000000e+00 -5.706577e-03)
492           	5.868653e-05	(0.000000e+00 0.000000e+00 -5.706577e-03)
493           	5.868596e-05	(0.000000e+00 0.000000e+00 -5.706577e-03)
494           	5.868571e-05	(0.000000e+00 0.000000e+00 -5.706577e-03)
495           	5.868517e-05	(0.000000e+00 0.000000e+00 -5.706577e-03)
496           	5.868537e-05	(0.000000e+00 0.000000e+00 -5.706577e-03)
497           	5.868501e-05	(0.000000e+00 0.000000e+00 -5.706577e-03)
498           	5.868695e-05	(0.000000e+00 0.000000e+00 -5.706577e-03)
499           	5.868832e-05	(0.000000e+00 0.000000e+00 -5.706577e-03)
500           	5.869868e-05	(0.000000e+00 0.000000e+00 -5.706577e-03)
501           	5.869953e-05	(0.000000e+00 0.000000e+00 -5.706577e-03)
502           	5.872199e-05	(0.000000e+00 0.000000e+00 -5.706577e-03)
503           	5.872258e-05	(0.000000e+00 0.000000e+00 -5.706577e-03)
504           	5.872411e-05	(0.000000e+00 0.000000e+00 -5.706577e-03)
505           	5.872512e-05	(0.000000e+00 0.000000e+00 -5.706577e-03)
506           	5.872606e-05	(0.000000e+00 0.000000e+00 -5.706577e-03)
507           	5.872730e-05	(0.000000e+00 0.000000e+00 -5.706577e-03)
508           	5.872725e-05	(0.000000e+00 0.000000e+00 -5.706577e-03)
509           	5.872952e-05	(0.000000e+00 0.000000e+00 -5.706577e-03)
510           	5.873006e-05	(0.000000e+00 0.000000e+00 -5.706577e-03)
511           	5.873481e-05	(0.000000e+00 0.000000e+00 -5.706577e-03)
512           	5.873576e-05	(0.000000e+00 0.000000e+00 -5.706577e-03)
513           	5.874407e-05	(0.000000e+00 0.000000e+00 -5.706577e-03)
514           	5.874654e-05	(0.000000e+00 0.000000e+00 -5.706577e-03)
515           	5.875449e-05	(0.000000e+00 0.000000e+00 -5.706577e-03)
516           	5.875609e-05	(0.000000e+00 0.000000e+00 -5.706577e-03)
517           	5.876043e-05	(0.000000e+00 0.000000e+00 -5.706577e-03)
518           	5.876354e-05	(0.000000e+00 0.000000e+00 -5.706577e-03)
519           	5.876666e-05	(0.000000e+00 0.000000e+00 -5.706577e-03)
520           	5.876905e-05	(0.000000e+00 0.000000e+00 -5.706577e-03)
521           	5.877132e-05	(0.000000e+00 0.000000e+00 -5.706577e-03)
522           	5.877197e-05	(0.000000e+00 0.000000e+00 -5.706577e-03)
523           	5.877624e-05	(0.000000e+00 0.000000e+00 -5.706577e-03)
524           	5.877724e-05	(0.000000e+00 0.000000e+00 -5.706577e-03)
525           	5.878296e-05	(0.000000e+00 0.000000e+00 -5.706577e-03)
526           	5.878389e-05	(0.000000e+00 0.000000e+00 -5.706577e-03)
527           	5.878625e-05	(0.000000e+00 0.000000e+00 -5.706577e-03)
528           	5.878740e-05	(0.000000e+00 0.000000e+00 -5.706577e-03)
529           	5.879155e-05	(0.000000e+00 0.000000e+00 -5.706577e-03)
530           	5.879263e-05	(0.000000e+00 0.000000e+00 -5.706577e-03)
531           	5.879586e-05	(0.000000e+00 0.000000e+00 -5.706577e-03)
532           	5.879665e-05	(0.000000e+00 0.000000e+00 -5.706577e-03)
533           	5.879819e-05	(0.000000e+00 0.000000e+00 -5.706577e-03)
534           	5.880017e-05	(0.000000e+00 0.000000e+00 -5.706577e-03)
535           	5.880068e-05	(0.000000e+00 0.000000e+00 -5.706577e-03)
536           	5.880425e-05	(0.000000e+00 0.000000e+00 -5.706577e-03)
537           	5.880485e-05	(0.000000e+00 0.000000e+00 -5.706577e-03)
538           	5.881037e-05	(0.000000e+00 0.000000e+00 -5.706577e-03)
539           	5.881125e-05	(0.000000e+00 0.000000e+00 -5.706577e-03)
540           	5.881685e-05	(0.000000e+00 0.000000e+00 -5.706577e-03)
541           	5.881788e-05	(0.000000e+00 0.000000e+00 -5.706577e-03)
542           	5.882384e-05	(0.000000e+00 0.000000e+00 -5.706577e-03)
543           	5.882475e-05	(0.000000e+00 0.000000e+00 -5.706577e-03)
544           	5.881042e-05	(0.000000e+00 0.000000e+00 -5.706577e-03)
545           	5.881072e-05	(0.000000e+00 0.000000e+00 -5.706577e-03)
546           	5.881174e-05	(0.000000e+00 0.000000e+00 -5.706577e-03)
547           	5.881262e-05	(0.000000e+00 0.000000e+00 -5.706577e-03)
548           	5.881340e-05	(0.000000e+00 0.000000e+00 -5.706577e-03)
549           	5.881422e-05	(0.000000e+00 0.000000e+00 -5.706577e-03)
550           	5.881433e-05	(0.000000e+00 0.000000e+00 -5.706577e-03)
551           	5.881551e-05	(0.000000e+00 0.000000e+00 -5.706577e-03)
552           	5.881578e-05	(0.000000e+00 0.000000e+00 -5.706577e-03)
553           	5.881746e-05	(0.000000e+00 0.000000e+00 -5.706577e-03)
554           	5.881768e-05	(0.000000e+00 0.000000e+00 -5.706577e-03)
555           	5.881941e-05	(0.000000e+00 0.000000e+00 -5.706577e-03)
556           	5.881956e-05	(0.000000e+00 0.000000e+00 -5.706577e-03)
557           	5.882052e-05	(0.000000e+00 0.000000e+00 -5.706577e-03)
558           	5.881444e-05	(0.000000e+00 0.000000e+00 -5.706577e-03)
559           	5.880537e-05	(0.000000e+00 0.000000e+00 -5.706577e-03)
560           	5.880455e-05	(0.000000e+00 0.000000e+00 -5.706577e-03)
561           	5.880124e-05	(0.000000e+00 0.000000e+00 -5.706577e-03)
562           	5.879881e-05	(0.000000e+00 0.000000e+00 -5.706577e-03)
563           	5.879817e-05	(0.000000e+00 0.000000e+00 -5.706577e-03)
564           	5.879759e-05	(0.000000e+00 0.000000e+00 -5.706577e-03)
565           	5.879740e-05	(0.000000e+00 0.000000e+00 -5.706577e-03)
566           	5.879724e-05	(0.000000e+00 0.000000e+00 -5.706577e-03)
567           	5.879715e-05	(0.000000e+00 0.000000e+00 -5.706577e-03)
568           	5.879753e-05	(0.000000e+00 0.000000e+00 -5.706577e-03)
569           	5.879755e-05	(0.000000e+00 0.000000e+00 -5.706577e-03)
570           	5.879816e-05	(0.000000e+00 0.000000e+00 -5.706577e-03)
571           	5.879769e-05	(0.000000e+00 0.000000e+00 -5.706577e-03)
572           	5.877529e-05	(0.000000e+00 0.000000e+00 -5.706577e-03)
573           	5.877500e-05	(0.000000e+00 0.000000e+00 -5.706577e-03)
574           	5.877467e-05	(0.000000e+00 0.000000e+00 -5.706577e-03)
575           	5.877442e-05	(0.000000e+00 0.000000e+00 -5.706577e-03)
576           	5.877408e-05	(0.000000e+00 0.000000e+00 -5.706577e-03)
577           	5.877376e-05	(0.000000e+00 0.000000e+00 -5.706577e-03)
578           	5.877364e-05	(0.000000e+00 0.000000e+00 -5.706577e-03)
579           	5.877355e-05	(0.000000e+00 0.000000e+00 -5.706577e-03)
580           	5.877391e-05	(0.000000e+00 0.000000e+00 -5.706577e-03)
581           	5.877373e-05	(0.000000e+00 0.000000e+00 -5.706577e-03)
582           	5.877401e-05	(0.000000e+00 0.000000e+00 -5.706577e-03)
583           	5.877383e-05	(0.000000e+00 0.000000e+00 -5.706577e-03)
584           	5.877384e-05	(0.000000e+00 0.000000e+00 -5.706577e-03)
585           	5.877381e-05	(0.000000e+00 0.000000e+00 -5.706577e-03)
586           	5.877342e-05	(0.000000e+00 0.000000e+00 -5.706577e-03)
587           	5.877288e-05	(0.000000e+00 0.000000e+00 -5.706577e-03)
588           	5.877220e-05	(0.000000e+00 0.000000e+00 -5.706577e-03)
589           	5.877137e-05	(0.000000e+00 0.000000e+00 -5.706577e-03)
590           	5.877053e-05	(0.000000e+00 0.000000e+00 -5.706577e-03)
591           	5.877013e-05	(0.000000e+00 0.000000e+00 -5.706577e-03)
592           	5.876914e-05	(0.000000e+00 0.000000e+00 -5.706577e-03)
593           	5.876846e-05	(0.000000e+00 0.000000e+00 -5.706577e-03)
594           	5.876816e-05	(0.000000e+00 0.000000e+00 -5.706577e-03)
595           	5.876793e-05	(0.000000e+00 0.000000e+00 -5.706577e-03)
596           	5.876778e-05	(0.000000e+00 0.000000e+00 -5.706577e-03)
597           	5.876851e-05	(0.000000e+00 0.000000e+00 -5.706577e-03)
598           	5.876854e-05	(0.000000e+00 0.000000e+00 -5.706577e-03)
599           	5.876957e-05	(0.000000e+00 0.000000e+00 -5.706577e-03)
600           	5.876970e-05	(0.000000e+00 0.000000e+00 -5.706577e-03)
601           	5.877033e-05	(0.000000e+00 0.000000e+00 -5.706577e-03)
602           	5.877119e-05	(0.000000e+00 0.000000e+00 -5.706577e-03)
603           	5.877272e-05	(0.000000e+00 0.000000e+00 -5.706577e-03)
604           	5.877320e-05	(0.000000e+00 0.000000e+00 -5.706577e-03)
605           	5.877566e-05	(0.000000e+00 0.000000e+00 -5.706577e-03)
606           	5.877623e-05	(0.000000e+00 0.000000e+00 -5.706577e-03)
607           	5.877972e-05	(0.000000e+00 0.000000e+00 -5.706577e-03)
608           	5.878033e-05	(0.000000e+00 0.000000e+00 -5.706577e-03)
609           	5.878262e-05	(0.000000e+00 0.000000e+00 -5.706577e-03)
610           	5.878280e-05	(0.000000e+00 0.000000e+00 -5.706577e-03)
611           	5.878690e-05	(0.000000e+00 0.000000e+00 -5.706577e-03)
612           	5.878754e-05	(0.000000e+00 0.000000e+00 -5.706577e-03)
613           	5.879181e-05	(0.000000e+00 0.000000e+00 -5.706577e-03)
614           	5.879242e-05	(0.000000e+00 0.000000e+00 -5.706577e-03)
615           	5.879411e-05	(0.000000e+00 0.000000e+00 -5.706577e-03)
616           	5.879529e-05	(0.000000e+00 0.000000e+00 -5.706577e-03)
617           	5.879695e-05	(0.000000e+00 0.000000e+00 -5.706577e-03)
618           	5.879754e-05	(0.000000e+00 0.000000e+00 -5.706577e-03)
619           	5.880000e-05	(0.000000e+00 0.000000e+00 -5.706577e-03)
620           	5.880060e-05	(0.000000e+00 0.000000e+00 -5.706577e-03)
621           	5.880371e-05	(0.000000e+00 0.000000e+00 -5.706577e-03)
622           	5.880445e-05	(0.000000e+00 0.000000e+00 -5.706577e-03)
623           	5.880606e-05	(0.000000e+00 0.000000e+00 -5.706577e-03)
624           	5.880664e-05	(0.000000e+00 0.000000e+00 -5.706577e-03)
625           	5.881002e-05	(0.000000e+00 0.000000e+00 -5.706577e-03)
626           	5.881074e-05	(0.000000e+00 0.000000e+00 -5.706577e-03)
627           	5.881440e-05	(0.000000e+00 0.000000e+00 -5.706577e-03)
628           	5.881504e-05	(0.000000e+00 0.000000e+00 -5.706577e-03)
629           	5.881691e-05	(0.000000e+00 0.000000e+00 -5.706577e-03)
630           	5.881834e-05	(0.000000e+00 0.000000e+00 -5.706577e-03)
631           	5.882013e-05	(0.000000e+00 0.000000e+00 -5.706577e-03)
632           	5.882065e-05	(0.000000e+00 0.000000e+00 -5.706577e-03)
633           	5.882303e-05	(0.000000e+00 0.000000e+00 -5.706577e-03)
